"Year" "Month" "Day" "Time" "Temp (°C)" "Rel Hum (%)" "Wind Dir ( deg)" "Wind Spd (km/h)" "Stn Press (kPa)" "Weather"
2015 02 16 00:00 -21.3 64 340 25 100.80 NA   
2015 02 16 01:00 -21.3 59 340 24 100.83 Clear   
2015 02 16 02:00 -21.7 56 320 25 100.84 NA   
2015 02 16 03:00 -21.7 55 320 21 100.82 NA   
2015 02 16 04:00 -22.2 58 330 18 100.81 Clear   
2015 02 16 05:00 -22.5 59 340 16 100.79 NA   
2015 02 16 06:00 -23.2 60 320 14 100.75 NA   
2015 02 16 07:00 -23.4 62 320 15 100.76 Clear   
2015 02 16 08:00 -23.0 61 310 12 100.76 NA   
2015 02 16 09:00 -21.8 58 310 12 100.76 NA   
2015 02 16 10:00 -20.4 52 310 12 100.69 Mostly Cloudy   
2015 02 16 11:00 -19.0 55 320 9 100.58 NA   
2015 02 16 12:00 -17.5 48 290 7 100.48 NA   
2015 02 16 13:00 -15.2 45 260 6 100.40 Mainly Clear   
2015 02 16 14:00 -15.4 42 280 3 100.27 NA   
2015 02 16 15:00 -14.1 34 300 4 100.17 NA   
2015 02 16 16:00 -13.7 35 360 1 100.09 Mostly Cloudy   
2015 02 16 17:00 -14.1 30 360 3 99.95 NA   
2015 02 16 18:00 -14.4 60 150 7 99.92 NA   
2015 02 16 19:00 -14.6 60 170 4 99.88 Cloudy   
2015 02 16 20:00 -14.6 58 190 5 99.85 NA   
2015 02 16 21:00 -14.6 57 260 5 99.79 NA   
2015 02 16 22:00 -14.5 57 360 3 99.71 Mostly Cloudy   
2015 02 16 23:00 -14.6 59 280 4 99.67 NA   
