"Year" "Month" "Day" "Time" "Temp (°C)" "Rel Hum (%)" "Wind Dir ( deg)" "Wind Spd (km/h)" "Stn Press (kPa)" "Weather"
2015 02 01 00:00 -3.1 84 260 19 100.01 NA   
2015 02 01 01:00 -2.9 85 260 18 99.99 Snow Showers   
2015 02 01 02:00 -3.0 85 250 14 100.01 Snow Showers   
2015 02 01 03:00 -3.4 81 360 21 100.04 Snow Showers   
2015 02 01 04:00 -3.9 80 360 15 100.09 Snow Showers   
2015 02 01 05:00 -5.8 74 350 26 100.19 Snow Showers   
2015 02 01 06:00 -7.1 78 360 28 100.24 Snow Showers   
2015 02 01 07:00 -8.6 79 360 27 100.33 Snow   
2015 02 01 08:00 -10.7 77 340 26 100.35 Snow   
2015 02 01 09:00 -12.1 72 10 28 100.36 Snow   
2015 02 01 10:00 -12.7 69 360 18 100.42 Mostly Cloudy   
2015 02 01 11:00 -12.3 65 360 22 100.40 NA   
2015 02 01 12:00 -11.6 64 20 18 100.31 NA   
2015 02 01 13:00 -11.3 64 50 15 100.22 Snow   
2015 02 01 14:00 -10.8 64 40 16 100.15 Snow   
2015 02 01 15:00 -10.6 63 50 19 100.05 NA   
2015 02 01 16:00 -10.1 61 100 17 99.99 Cloudy   
2015 02 01 17:00 -11.1 60 70 18 99.95 Snow   
2015 02 01 18:00 -12.1 78 50 19 99.84 Snow   
2015 02 01 19:00 -12.4 78 60 20 99.72 Snow   
2015 02 01 20:00 -12.8 80 40 21 99.59 Snow   
2015 02 01 21:00 -13.1 83 50 22 99.47 Snow   
2015 02 01 22:00 -13.5 82 40 31 99.34 Snow   
2015 02 01 23:00 -13.7 83 50 22 99.18 Snow   
2015 02 02 00:00 -14.0 83 40 24 98.98 Snow   
2015 02 02 01:00 -14.2 83 50 25 98.84 Snow   
2015 02 02 02:00 -14.4 83 30 25 98.71 Snow   
2015 02 02 03:00 -14.9 83 20 32 98.59 Snow Blowing Snow  
2015 02 02 04:00 -15.3 82 10 31 98.54 Snow Blowing Snow  
2015 02 02 05:00 -15.1 83 10 29 98.45 Snow Blowing Snow  
2015 02 02 06:00 -14.9 81 360 25 98.44 Snow Blowing Snow  
2015 02 02 07:00 -15.1 81 10 28 98.45 Snow Blowing Snow  
2015 02 02 08:00 -15.4 82 360 30 98.54 Snow Blowing Snow  
2015 02 02 09:00 -15.2 80 360 37 98.66 Snow Blowing Snow  
2015 02 02 10:00 -14.5 79 360 32 98.78 Snow Blowing Snow  
2015 02 02 11:00 -14.4 76 360 33 98.92 Snow Blowing Snow  
2015 02 02 12:00 -13.7 70 350 34 98.98 Snow Blowing Snow  
2015 02 02 13:00 -13.4 69 350 35 99.02 Snow Blowing Snow  
2015 02 02 14:00 -12.1 68 350 28 99.09 NA   
2015 02 02 15:00 -11.3 69 340 28 99.19 NA   
2015 02 02 16:00 -11.3 67 350 25 99.28 Mainly Clear   
2015 02 02 17:00 -11.6 68 340 21 99.39 NA   
2015 02 02 18:00 -12.4 72 340 18 99.49 NA   
2015 02 02 19:00 -13.4 63 310 18 99.59 Clear   
2015 02 02 20:00 -14.1 66 300 17 99.70 NA   
2015 02 02 21:00 -14.6 70 290 20 99.81 NA   
2015 02 02 22:00 -15.9 70 290 14 99.85 Mainly Clear   
2015 02 02 23:00 -15.6 75 270 10 99.86 NA   
2015 02 03 00:00 -14.8 73 240 14 99.89 NA   
2015 02 03 01:00 -15.1 75 230 14 99.85 Mostly Cloudy   
2015 02 03 02:00 -16.0 80 240 12 99.84 NA   
2015 02 03 03:00 -15.9 80 250 16 99.84 NA   
2015 02 03 04:00 -15.4 79 240 12 99.83 Mostly Cloudy   
2015 02 03 05:00 -15.4 73 230 11 99.84 NA   
2015 02 03 06:00 -14.2 68 210 7 99.79 NA   
2015 02 03 07:00 -13.7 70 200 9 99.83 Mostly Cloudy   
2015 02 03 08:00 -13.3 73 200 9 99.83 NA   
2015 02 03 09:00 -11.9 76 250 23 99.84 NA   
2015 02 03 10:00 -11.3 75 240 22 99.89 Mostly Cloudy   
2015 02 03 11:00 -8.9 68 230 24 99.93 NA   
2015 02 03 12:00 -6.7 64 240 24 99.90 NA   
2015 02 03 13:00 -5.7 63 230 35 99.84 Mostly Cloudy   
2015 02 03 14:00 -6.0 63 250 39 99.83 NA   
2015 02 03 15:00 -6.3 66 240 37 99.85 NA   
2015 02 03 16:00 -6.4 60 230 28 99.86 Mostly Cloudy   
2015 02 03 17:00 -7.0 63 240 25 99.86 NA   
2015 02 03 18:00 -7.1 68 220 24 99.90 NA   
2015 02 03 19:00 -7.1 67 240 27 99.94 Mostly Cloudy   
2015 02 03 20:00 -7.8 70 230 17 99.97 NA   
2015 02 03 21:00 -7.9 73 240 16 99.97 NA   
2015 02 03 22:00 -7.6 80 230 9 99.92 Snow   
2015 02 03 23:00 -7.2 87 210 8 99.88 Snow   
2015 02 04 00:00 -6.9 89 180 3 99.83 Snow   
2015 02 04 01:00 -6.7 91 360 3 99.75 Snow   
2015 02 04 02:00 -6.2 91 160 4 99.69 Snow   
2015 02 04 03:00 -5.5 90 210 12 99.61 Snow   
2015 02 04 04:00 -5.0 90 210 11 99.50 Snow   
2015 02 04 05:00 -4.9 90 200 9 99.40 NA   
2015 02 04 06:00 -4.3 90 200 9 99.36 Snow   
2015 02 04 07:00 -3.9 90 360 3 99.34 Snow   
2015 02 04 08:00 -3.5 89 240 3 99.32 Snow   
2015 02 04 09:00 -3.1 90 220 4 99.33 Snow   
2015 02 04 10:00   0      
2015 02 04 11:00 -2.8 93 360 1 99.27 Snow   
2015 02 04 12:00 -2.3 91 260 9 99.24 Snow   
2015 02 04 13:00 -1.9 87 250 17 99.17 Snow   
2015 02 04 14:00 -1.6 77 280 32 99.14 Snow   
2015 02 04 15:00 -2.3 83 290 25 99.13 Snow   
2015 02 04 16:00 -2.6 78 290 24 99.15 Snow   
2015 02 04 17:00 -3.6 76 280 26 99.25 Snow   
2015 02 04 18:00 -5.6 86 350 20 99.38 Snow   
2015 02 04 19:00 -5.8 83 350 14 99.46 Snow   
2015 02 04 20:00 -6.1 84 350 19 99.50 NA   
2015 02 04 21:00 -6.9 78 350 20 99.59 NA   
2015 02 04 22:00 -7.4 85 300 11 99.66 Snow   
2015 02 04 23:00 -8.7 84 320 14 99.67 NA   
2015 02 05 00:00 -8.3 79 330 23 99.75 Snow Blowing Snow  
2015 02 05 01:00 -9.5 69 330 30 99.81 Blowing Snow   
2015 02 05 02:00 -11.5 68 320 18 99.86 NA   
2015 02 05 03:00 -12.4 64 310 20 99.95 NA   
2015 02 05 04:00 -12.5 63 310 22 99.99 Mainly Clear   
2015 02 05 05:00 -12.9 66 300 23 100.06 NA   
2015 02 05 06:00 -14.1 69 320 23 100.18 NA   
2015 02 05 07:00 -14.9 69 320 19 100.31 Mainly Clear   
2015 02 05 08:00 -14.8 75 330 24 100.44 NA   
2015 02 05 09:00 -15.1 73 340 23 100.55 NA   
2015 02 05 10:00 -14.4 66 340 14 100.61 Mainly Clear   
2015 02 05 11:00 -13.5 58 350 18 100.68 NA   
2015 02 05 12:00 -12.5 58 320 8 100.66 NA   
2015 02 05 13:00 -11.5 49 300 10 100.60 Mainly Clear   
2015 02 05 14:00 -10.9 48 0 0 100.54 NA   
2015 02 05 15:00 -9.6 47 280 19 100.49 NA   
2015 02 05 16:00 -10.2 51 260 30 100.47 Mostly Cloudy   
2015 02 05 17:00 -10.8 53 280 23 100.45 NA   
2015 02 05 18:00 -12.1 58 270 16 100.45 NA   
2015 02 05 19:00 -12.0 60 230 16 100.42 Clear   
2015 02 05 20:00 -12.4 64 230 15 100.40 NA   
2015 02 05 21:00 -13.5 67 240 18 100.32 NA   
2015 02 05 22:00 -13.3 64 220 17 100.23 Mostly Cloudy   
2015 02 05 23:00 -13.1 61 220 18 100.14 NA   
2015 02 06 00:00 -12.7 65 220 21 100.04 NA   
2015 02 06 01:00 -12.6 66 230 23 99.93 Mostly Cloudy   
2015 02 06 02:00 -13.1 70 200 22 99.82 NA   
2015 02 06 03:00 -12.5 74 220 18 99.74 Snow Showers   
2015 02 06 04:00 -11.7 77 230 13 99.66 Snow Showers   
2015 02 06 05:00 -10.7 84 240 25 99.61 Snow Showers   
2015 02 06 06:00 -10.1 74 260 31 99.64 Snow Showers Blowing Snow  
2015 02 06 07:00 -10.1 74 250 23 99.66 Snow Showers Blowing Snow  
2015 02 06 08:00 -10.4 74 230 27 99.60 Blowing Snow   
2015 02 06 09:00 -10.0 72 250 29 99.64 Blowing Snow   
2015 02 06 10:00 -8.9 71 250 36 99.64 Blowing Snow   
2015 02 06 11:00 -8.0 69 250 39 99.66 Blowing Snow   
2015 02 06 12:00 -7.2 66 250 35 99.65 Blowing Snow   
2015 02 06 13:00 -5.4 62 260 26 99.66 Blowing Snow   
2015 02 06 14:00 -4.9 64 250 29 99.59 Blowing Snow   
2015 02 06 15:00 -4.8 63 260 31 99.65 NA   
2015 02 06 16:00 -5.6 67 260 19 99.64 Mainly Clear   
2015 02 06 17:00 -5.7 68 270 18 99.69 NA   
2015 02 06 18:00 -5.7 71 260 27 99.75 NA   
2015 02 06 19:00 -5.8 71 260 23 99.77 Mostly Cloudy   
2015 02 06 20:00 -5.7 72 270 16 99.79 NA   
2015 02 06 21:00 -5.6 73 250 19 99.78 NA   
2015 02 06 22:00 -5.2 72 260 22 99.72 Cloudy   
2015 02 06 23:00 -5.2 75 240 12 99.68 NA   
2015 02 07 00:00 -5.3 75 220 10 99.68 NA   
2015 02 07 01:00 -4.6 76 260 14 99.68 Cloudy   
2015 02 07 02:00 -4.3 75 240 8 99.63 NA   
2015 02 07 03:00 -4.4 75 180 5 99.64 NA   
2015 02 07 04:00 -4.5 76 210 12 99.54 Cloudy   
2015 02 07 05:00 -4.8 76 220 12 99.54 NA   
2015 02 07 06:00 -4.6 75 200 5 99.48 NA   
2015 02 07 07:00 -5.2 87 210 10 99.52 Snow   
2015 02 07 08:00 -5.3 91 200 8 99.50 Snow   
2015 02 07 09:00 -4.9 89 150 3 99.45 Snow   
2015 02 07 10:00 -4.5 88 360 1 99.40 Snow   
2015 02 07 11:00 -3.8 86 360 1 99.43 Snow   
2015 02 07 12:00 -3.5 89 40 7 99.36 Snow   
2015 02 07 13:00 -3.0 87 110 7 99.23 Snow   
2015 02 07 14:00 -2.8 86 140 7 99.20 Snow   
2015 02 07 15:00 -2.5 86 130 8 99.19 Snow   
2015 02 07 16:00 -2.6 88 120 9 99.17 Snow   
2015 02 07 17:00 -2.7 91 100 8 99.19 Snow   
2015 02 07 18:00 -2.9 93 70 10 99.19 Snow   
2015 02 07 19:00 -3.1 92 60 11 99.25 Snow   
2015 02 07 20:00 -3.1 93 80 17 99.22 Snow   
2015 02 07 21:00 -4.4 91 80 21 99.25 Snow   
2015 02 07 22:00 -5.4 89 100 28 99.28 Snow   
2015 02 07 23:00 -6.5 89 80 20 99.22 NA   
2015 02 08 00:00 -7.9 88 70 14 99.25 NA   
2015 02 08 01:00 -8.3 88 70 16 99.23 Cloudy   
2015 02 08 02:00 -8.2 90 70 18 99.14 Snow   
2015 02 08 03:00 -9.7 87 70 22 99.08 Snow   
2015 02 08 04:00 -9.9 87 60 15 99.01 Snow   
2015 02 08 05:00 -10.2 86 40 22 99.00 Snow   
2015 02 08 06:00 -10.3 88 60 17 98.94 Snow   
2015 02 08 07:00 -10.3 87 60 16 98.97 Snow   
2015 02 08 08:00 -10.2 86 50 18 99.01 Snow   
2015 02 08 09:00 -9.9 90 50 14 98.96 Freezing Drizzle Snow  
2015 02 08 10:00 -9.8 90 30 19 99.02 Freezing Drizzle Snow Fog 
2015 02 08 11:00 -9.7 88 30 21 99.00 Freezing Drizzle Snow Fog 
2015 02 08 12:00 -10.2 88 30 21 99.01 Freezing Drizzle Snow Fog 
2015 02 08 13:00 -9.9 88 40 15 98.98 Freezing Drizzle Snow Fog 
2015 02 08 14:00 -9.9 87 20 19 99.03 Snow   
2015 02 08 15:00 -9.9 85 30 18 99.06 Snow   
2015 02 08 16:00 -10.1 86 50 12 99.11 Snow   
2015 02 08 17:00 -10.3 82 60 17 99.20 NA   
2015 02 08 18:00 -10.8 83 50 19 99.31 Snow   
2015 02 08 19:00 -11.3 83 40 24 99.40 Snow   
2015 02 08 20:00 -11.8 85 40 19 99.49 Snow   
2015 02 08 21:00 -11.9 84 40 23 99.52 Snow   
2015 02 08 22:00 -12.5 82 30 25 99.54 Snow   
2015 02 08 23:00 -12.9 80 40 24 99.58 Snow Blowing Snow  
2015 02 09 00:00 -13.0 79 50 19 99.58 Snow Blowing Snow  
2015 02 09 01:00 -13.2 79 30 20 99.57 Snow Blowing Snow  
2015 02 09 02:00 -13.2 78 40 24 99.60 Snow Blowing Snow  
2015 02 09 03:00 -13.1 78 30 18 99.63 Snow   
2015 02 09 04:00 -13.0 77 40 19 99.62 Snow   
2015 02 09 05:00 -12.9 77 30 24 99.63 NA   
2015 02 09 06:00 -12.7 78 30 19 99.66 NA   
2015 02 09 07:00 -12.7 78 10 21 99.73 Cloudy   
2015 02 09 08:00 -12.5 78 30 20 99.77 NA   
2015 02 09 09:00 -12.4 77 30 20 99.79 NA   
2015 02 09 10:00 -12.0 76 30 17 99.83 Snow   
2015 02 09 11:00 -11.6 76 360 11 99.87 Snow   
2015 02 09 12:00 -11.6 77 340 17 99.91 Snow   
2015 02 09 13:00 -11.7 75 340 19 99.89 Snow   
2015 02 09 14:00 -11.4 74 350 18 99.83 NA   
2015 02 09 15:00 -11.0 73 10 17 99.85 Snow   
2015 02 09 16:00 -10.6 73 350 15 99.87 Snow   
2015 02 09 17:00 -10.8 77 10 16 99.92 Snow   
2015 02 09 18:00 -11.1 78 10 17 99.98 NA   
2015 02 09 19:00 -10.7 74 10 20 100.03 Snow   
2015 02 09 20:00 -10.6 75 350 13 100.06 Snow   
2015 02 09 21:00 -10.6 76 360 12 100.10 NA   
2015 02 09 22:00 -10.8 78 350 11 100.12 Mostly Cloudy   
2015 02 09 23:00 -11.0 78 340 14 100.16 Snow Showers   
2015 02 10 00:00 -10.8 77 350 14 100.17 NA   
2015 02 10 01:00 -10.4 77 10 8 100.17 Cloudy   
2015 02 10 02:00 -10.2 78 360 8 100.19 NA   
2015 02 10 03:00 -10.0 77 20 4 100.17 NA   
2015 02 10 04:00 -9.8 74 10 5 100.17 Cloudy   
2015 02 10 05:00 -9.5 75 340 7 100.23 NA   
2015 02 10 06:00 -9.4 80 20 9 100.24 NA   
2015 02 10 07:00 -9.8 78 350 15 100.26 Mostly Cloudy   
2015 02 10 08:00 -9.7 80 350 16 100.38 NA   
2015 02 10 09:00 -8.5 75 10 15 100.45 Snow Showers   
2015 02 10 10:00 -8.4 74 360 18 100.44 Mostly Cloudy   
2015 02 10 11:00 -7.0 72 350 15 100.46 NA   
2015 02 10 12:00 -6.8 71 360 10 100.43 NA   
2015 02 10 13:00 -6.3 68 340 13 100.38 Mainly Clear   
2015 02 10 14:00 -5.9 67 20 11 100.33 NA   
2015 02 10 15:00 -5.4 65 300 8 100.32 NA   
2015 02 10 16:00 -5.2 66 20 12 100.30 Mostly Cloudy   
2015 02 10 17:00 -5.6 74 150 10 100.32 NA   
2015 02 10 18:00 -6.1 79 120 7 100.35 NA   
2015 02 10 19:00 -6.0 77 130 5 100.37 Mostly Cloudy   
2015 02 10 20:00 -7.9 75 20 7 100.36 NA   
2015 02 10 21:00 -7.4 78 40 3 100.37 NA   
2015 02 10 22:00 -8.2 81 20 3 100.32 Mostly Cloudy   
2015 02 10 23:00 -8.7 83 30 6 100.23 NA   
2015 02 11 00:00 -7.9 81 40 8 100.15 NA   
2015 02 11 01:00 -8.1 82 250 3 100.13 Mostly Cloudy   
2015 02 11 02:00 -7.8 83 300 3 100.09 NA   
2015 02 11 03:00 -9.1 84 30 5 100.02 NA   
2015 02 11 04:00 -5.8 79 140 11 99.90 Cloudy   
2015 02 11 05:00 -5.9 81 130 22 99.83 NA   
2015 02 11 06:00 -5.9 82 150 21 99.84 NA   
2015 02 11 07:00 -6.1 80 140 19 99.78 Cloudy   
2015 02 11 08:00 -5.6 79 130 16 99.71 NA   
2015 02 11 09:00 -4.9 73 130 20 99.63 NA   
2015 02 11 10:00 -5.1 74 190 19 99.58 Cloudy   
2015 02 11 11:00 -5.0 78 150 12 99.44 NA   
2015 02 11 12:00 -4.7 81 150 15 99.30 NA   
2015 02 11 13:00 -4.1 81 180 12 99.15 Snow Showers   
2015 02 11 14:00 -3.8 80 180 10 99.05 Snow Showers   
2015 02 11 15:00 -3.9 86 140 12 98.95 Snow   
2015 02 11 16:00 -3.2 91 190 5 98.90 Snow   
2015 02 11 17:00 -2.7 89 190 8 98.89 Snow   
2015 02 11 18:00 -2.4 85 230 18 98.88 Freezing Drizzle   
2015 02 11 19:00 -2.6 87 250 21 98.87 Snow   
2015 02 11 20:00 -2.7 89 250 22 98.84 NA   
2015 02 11 21:00 -2.7 89 250 21 98.81 NA   
2015 02 11 22:00 -2.5 88 250 22 98.76 Snow   
2015 02 11 23:00 -2.1 79 280 22 98.73 NA   
2015 02 12 00:00 -2.4 80 280 25 98.72 NA   
2015 02 12 01:00 -2.7 83 300 22 98.77 Cloudy   
2015 02 12 02:00 -3.4 75 310 25 98.80 NA   
2015 02 12 03:00 -4.4 68 310 33 98.82 NA   
2015 02 12 04:00 -6.1 69 310 35 98.87 Blowing Snow   
2015 02 12 05:00 -6.8 65 300 37 98.93 Blowing Snow   
2015 02 12 06:00 -8.2 68 280 24 98.95 Blowing Snow   
2015 02 12 07:00 -8.9 71 270 23 98.99 Blowing Snow   
2015 02 12 08:00 -9.4 74 290 19 99.04 NA   
2015 02 12 09:00 -10.6 61 330 37 99.15 Blowing Snow   
2015 02 12 10:00 -12.3 63 330 37 99.28 Mainly Clear   
2015 02 12 11:00 -14.5 61 350 39 99.41 NA   
2015 02 12 12:00 -15.2 61 340 37 99.48 NA   
2015 02 12 13:00 -14.9 56 340 39 99.51 Mainly Clear   
2015 02 12 14:00 -15.0 55 330 32 99.57 NA   
2015 02 12 15:00 -15.0 57 340 31 99.68 NA   
2015 02 12 16:00 -15.2 58 340 30 99.79 Mostly Cloudy   
2015 02 12 17:00 -15.3 56 330 39 99.87 NA   
2015 02 12 18:00 -16.1 58 310 33 100.02 NA   
2015 02 12 19:00 -16.3 61 310 29 100.10 Mainly Clear   
2015 02 12 20:00 -16.4 66 320 28 100.15 NA   
2015 02 12 21:00 -16.5 68 310 19 100.22 NA   
2015 02 12 22:00 -16.8 75 330 20 100.25 Mainly Clear   
2015 02 12 23:00 -17.2 68 340 28 100.28 NA   
2015 02 13 00:00 -18.2 66 320 20 100.30 NA   
2015 02 13 01:00 -18.8 66 330 22 100.34 Clear   
2015 02 13 02:00 -19.5 66 320 24 100.34 NA   
2015 02 13 03:00 -20.6 65 330 23 100.34 NA   
2015 02 13 04:00 -21.2 64 330 21 100.34 Clear   
2015 02 13 05:00 -22.1 67 320 18 100.37 NA   
2015 02 13 06:00 -22.5 70 310 14 100.42 NA   
2015 02 13 07:00 -22.4 68 310 14 100.45 Clear   
2015 02 13 08:00 -22.1 66 310 11 100.48 NA   
2015 02 13 09:00 -21.0 65 320 9 100.49 NA   
2015 02 13 10:00 -19.6 61 320 3 100.48 Mainly Clear   
2015 02 13 11:00 -17.3 61 260 10 100.41 NA   
2015 02 13 12:00 -15.1 59 240 16 100.33 NA   
2015 02 13 13:00 -13.2 57 230 14 100.23 Mostly Cloudy   
2015 02 13 14:00 -12.1 58 240 14 100.07 NA   
2015 02 13 15:00 -11.1 58 190 14 99.93 NA   
2015 02 13 16:00 -11.1 59 210 17 99.85 Mostly Cloudy   
2015 02 13 17:00 -11.3 58 220 27 99.80 NA   
2015 02 13 18:00 -11.6 64 200 17 99.70 NA   
2015 02 13 19:00 -12.0 66 210 17 99.65 Cloudy   
2015 02 13 20:00 -11.9 70 190 14 99.52 NA   
2015 02 13 21:00 -11.7 76 210 19 99.40 Snow   
2015 02 13 22:00 -11.1 79 210 27 99.25 Snow   
2015 02 13 23:00 -10.7 81 210 23 99.10 Snow Blowing Snow  
2015 02 14 00:00 -10.4 83 210 22 98.94 Snow Blowing Snow  
2015 02 14 01:00 -9.9 81 210 23 98.77 Snow Blowing Snow  
2015 02 14 02:00 -9.3 83 220 18 98.61 Snow Blowing Snow  
2015 02 14 03:00 -8.6 84 220 16 98.45 Snow Blowing Snow  
2015 02 14 04:00 -7.9 86 210 15 98.34 Snow Blowing Snow  
2015 02 14 05:00 -7.3 86 200 17 98.25 Snow Blowing Snow  
2015 02 14 06:00 -7.2 87 200 13 98.19 Snow Blowing Snow  
2015 02 14 07:00 -7.0 79 250 26 98.15 Snow   
2015 02 14 08:00 -7.6 80 270 20 98.15 Snow   
2015 02 14 09:00 -7.5 73 280 17 98.07 NA   
2015 02 14 10:00 -7.1 70 290 21 98.00 Cloudy   
2015 02 14 11:00 -9.3 76 350 27 98.04 Snow Blowing Snow  
2015 02 14 12:00 -9.2 69 360 24 98.05 NA   
2015 02 14 13:00 -8.8 65 350 18 98.07 Snow Showers   
2015 02 14 14:00 -9.5 76 360 23 98.07 Snow Showers Blowing Snow  
2015 02 14 15:00 -10.9 71 360 35 98.20 Snow Showers Blowing Snow  
2015 02 14 16:00 -11.9 64 360 31 98.36 Mostly Cloudy   
2015 02 14 17:00 -13.1 79 350 23 98.50 Snow Showers Blowing Snow  
2015 02 14 18:00 -13.4 55 310 33 98.64 NA   
2015 02 14 19:00 -14.6 65 310 35 98.76 Mainly Clear   
2015 02 14 20:00 -15.2 75 340 39 98.91 Snow Showers Blowing Snow  
2015 02 14 21:00 -16.9 68 330 46 99.10 Blowing Snow   
2015 02 14 22:00 -18.2 65 340 38 99.24 Blowing Snow   
2015 02 14 23:00 -19.2 69 340 46 99.35 Blowing Snow   
2015 02 15 00:00 -19.8 66 340 42 99.46 Blowing Snow   
2015 02 15 01:00 -20.5 69 340 38 99.55 Blowing Snow   
2015 02 15 02:00 -21.8 64 340 48 99.66 Blowing Snow   
2015 02 15 03:00 -22.7 62 340 50 99.80 Blowing Snow   
2015 02 15 04:00 -23.6 60 340 42 99.91 Blowing Snow   
2015 02 15 05:00 -24.3 60 350 30 100.12 Blowing Snow   
2015 02 15 06:00 -24.6 59 350 42 100.21 NA   
2015 02 15 07:00 -25.2 60 350 34 100.31 Mainly Clear   
2015 02 15 08:00 -25.4 58 340 34 100.49 NA   
2015 02 15 09:00 -24.8 57 350 36 100.59 NA   
2015 02 15 10:00 -23.9 55 340 31 100.66 Clear   
2015 02 15 11:00 -22.4 56 330 43 100.69 NA   
2015 02 15 12:00 -21.2 55 340 39 100.71 NA   
2015 02 15 13:00 -20.4 53 340 30 100.67 Clear   
2015 02 15 14:00 -19.7 52 350 35 100.64 NA   
2015 02 15 15:00 -19.3 52 340 32 100.67 NA   
2015 02 15 16:00 -19.6 53 340 34 100.71 Clear   
2015 02 15 17:00 -20.0 52 330 31 100.72 NA   
2015 02 15 18:00 -20.6 55 330 30 100.77 NA   
2015 02 15 19:00 -20.6 53 330 29 100.84 Clear   
2015 02 15 20:00 -21.3 60 320 37 100.88 NA   
2015 02 15 21:00 -21.5 63 320 32 100.87 NA   
2015 02 15 22:00 -21.0 62 340 32 100.85 Clear   
2015 02 15 23:00 -21.2 64 350 31 100.78 NA   
2015 02 16 00:00 -21.3 64 340 25 100.80 NA   
2015 02 16 01:00 -21.3 59 340 24 100.83 Clear   
2015 02 16 02:00 -21.7 56 320 25 100.84 NA   
2015 02 16 03:00 -21.7 55 320 21 100.82 NA   
2015 02 16 04:00 -22.2 58 330 18 100.81 Clear   
2015 02 16 05:00 -22.5 59 340 16 100.79 NA   
2015 02 16 06:00 -23.2 60 320 14 100.75 NA   
2015 02 16 07:00 -23.4 62 320 15 100.76 Clear   
2015 02 16 08:00 -23.0 61 310 12 100.76 NA   
2015 02 16 09:00 -21.8 58 310 12 100.76 NA   
2015 02 16 10:00 -20.4 52 310 12 100.69 Mostly Cloudy   
2015 02 16 11:00 -19.0 55 320 9 100.58 NA   
2015 02 16 12:00 -17.5 48 290 7 100.48 NA   
2015 02 16 13:00 -15.2 45 260 6 100.40 Mainly Clear   
2015 02 16 14:00 -15.4 42 280 3 100.27 NA   
2015 02 16 15:00 -14.1 34 300 4 100.17 NA   
2015 02 16 16:00 -13.7 35 360 1 100.09 Mostly Cloudy   
2015 02 16 17:00 -14.1 30 360 3 99.95 NA   
2015 02 16 18:00 -14.4 60 150 7 99.92 NA   
2015 02 16 19:00 -14.6 60 170 4 99.88 Cloudy   
2015 02 16 20:00 -14.6 58 190 5 99.85 NA   
2015 02 16 21:00 -14.6 57 260 5 99.79 NA   
2015 02 16 22:00 -14.5 57 360 3 99.71 Mostly Cloudy   
2015 02 16 23:00 -14.6 59 280 4 99.67 NA   
2015 02 17 00:00 -14.6 60 10 9 99.59 NA   
2015 02 17 01:00 -15.1 63 360 11 99.52 Mostly Cloudy   
2015 02 17 02:00 -16.0 60 360 9 99.44 NA   
2015 02 17 03:00 -16.3 60 340 10 99.38 NA   
2015 02 17 04:00 -15.9 59 310 12 99.29 Mostly Cloudy   
2015 02 17 05:00 -15.2 58 350 8 99.22 NA   
2015 02 17 06:00 -15.2 61 360 7 99.21 NA   
2015 02 17 07:00 -15.3 61 320 14 99.20 Cloudy   
2015 02 17 08:00 -14.6 63 10 7 99.21 NA   
2015 02 17 09:00 -13.6 61 310 10 99.21 NA   
2015 02 17 10:00 -12.6 60 300 6 99.22 Mostly Cloudy   
2015 02 17 11:00 -11.0 50 250 15 99.17 NA   
2015 02 17 12:00 -9.7 37 260 8 99.09 NA   
2015 02 17 13:00 -9.2 28 210 10 99.02 Mostly Cloudy   
2015 02 17 14:00 -8.7 29 240 16 98.99 NA   
2015 02 17 15:00 -9.0 25 240 17 98.97 NA   
2015 02 17 16:00 -9.2 28 210 19 98.96 Mainly Clear   
2015 02 17 17:00 -9.9 35 200 13 98.95 NA   
2015 02 17 18:00 -10.6 42 210 12 98.96 NA   
2015 02 17 19:00 -10.9 58 220 22 99.04 Mostly Cloudy   
2015 02 17 20:00 -11.8 68 230 19 99.03 NA   
2015 02 17 21:00 -12.2 75 240 14 99.01 NA   
2015 02 17 22:00 -12.9 78 230 10 99.00 Mainly Clear   
2015 02 17 23:00 -12.9 80 250 7 98.98 NA   
2015 02 18 00:00 -12.6 82 230 11 98.91 NA   
2015 02 18 01:00 -12.0 83 210 11 98.87 Mostly Cloudy   
2015 02 18 02:00 -11.5 83 210 9 98.84 Snow Showers   
2015 02 18 03:00 -11.4 85 220 6 98.75 Snow Showers   
2015 02 18 04:00 -12.0 87 240 7 98.68 Cloudy   
2015 02 18 05:00 -11.9 87 230 10 98.66 NA   
2015 02 18 06:00 -12.6 88 240 9 98.64 NA   
2015 02 18 07:00 -12.4 86 250 10 98.62 Snow   
2015 02 18 08:00 -12.0 85 260 11 98.64 NA   
2015 02 18 09:00 -11.2 78 280 13 98.66 NA   
2015 02 18 10:00 -9.9 70 290 14 98.63 Mostly Cloudy   
2015 02 18 11:00 -9.1 56 290 15 98.62 NA   
2015 02 18 12:00 -8.9 54 280 9 98.60 NA   
2015 02 18 13:00 -8.8 59 310 11 98.50 Cloudy   
2015 02 18 14:00 -8.7 65 250 5 98.45 Snow   
2015 02 18 15:00 -8.9 72 270 7 98.47 Snow   
2015 02 18 16:00 -9.1 77 280 8 98.55 Snow   
2015 02 18 17:00 -9.4 84 280 9 98.62 Snow   
2015 02 18 18:00 -9.4 73 310 19 98.71 Snow   
2015 02 18 19:00 -10.8 80 350 26 98.80 Snow   
2015 02 18 20:00 -11.8 75 340 32 98.87 Snow Blowing Snow  
2015 02 18 21:00 -12.3 70 340 23 98.92 Snow Blowing Snow  
2015 02 18 22:00 -12.8 68 320 23 98.98 Blowing Snow   
2015 02 18 23:00 -13.5 68 310 22 99.02 Blowing Snow   
2015 02 19 00:00 -14.0 59 310 23 99.04 NA   
2015 02 19 01:00 -14.5 65 310 25 99.07 Mostly Cloudy   
2015 02 19 02:00 -15.6 72 290 21 99.08 NA   
2015 02 19 03:00 -16.2 73 310 23 99.11 NA   
2015 02 19 04:00 -17.0 71 310 25 99.17 Clear   
2015 02 19 05:00 -17.4 72 300 22 99.24 NA   
2015 02 19 06:00   0      
2015 02 19 07:00   0      
2015 02 19 08:00   0      
2015 02 19 09:00   0      
2015 02 19 10:00   0      
2015 02 19 11:00   0      
2015 02 19 12:00   0      
2015 02 19 13:00   0      
2015 02 19 14:00   0      
2015 02 19 15:00   0      
2015 02 19 16:00   0      
2015 02 19 17:00   0      
2015 02 19 18:00   0      
2015 02 19 19:00   0      
2015 02 19 20:00   0      
2015 02 19 21:00   0      
2015 02 19 22:00   0      
2015 02 19 23:00   0      
