"Year" "Month" "Day" "Time" "Temp (°C)" "Rel Hum (%)" "Wind Dir ( deg)" "Wind Spd (km/h)" "Stn Press (kPa)" "Weather"
2015 02 10 00:00 -10.8 77 350 14 100.17 NA   
2015 02 10 01:00 -10.4 77 10 8 100.17 Cloudy   
2015 02 10 02:00 -10.2 78 360 8 100.19 NA   
2015 02 10 03:00 -10.0 77 20 4 100.17 NA   
2015 02 10 04:00 -9.8 74 10 5 100.17 Cloudy   
2015 02 10 05:00 -9.5 75 340 7 100.23 NA   
2015 02 10 06:00 -9.4 80 20 9 100.24 NA   
2015 02 10 07:00 -9.8 78 350 15 100.26 Mostly Cloudy   
2015 02 10 08:00 -9.7 80 350 16 100.38 NA   
2015 02 10 09:00 -8.5 75 10 15 100.45 Snow Showers   
2015 02 10 10:00 -8.4 74 360 18 100.44 Mostly Cloudy   
2015 02 10 11:00 -7.0 72 350 15 100.46 NA   
2015 02 10 12:00 -6.8 71 360 10 100.43 NA   
2015 02 10 13:00 -6.3 68 340 13 100.38 Mainly Clear   
2015 02 10 14:00 -5.9 67 20 11 100.33 NA   
2015 02 10 15:00 -5.4 65 300 8 100.32 NA   
2015 02 10 16:00 -5.2 66 20 12 100.30 Mostly Cloudy   
2015 02 10 17:00 -5.6 74 150 10 100.32 NA   
2015 02 10 18:00 -6.1 79 120 7 100.35 NA   
2015 02 10 19:00 -6.0 77 130 5 100.37 Mostly Cloudy   
2015 02 10 20:00 -7.9 75 20 7 100.36 NA   
2015 02 10 21:00 -7.4 78 40 3 100.37 NA   
2015 02 10 22:00 -8.2 81 20 3 100.32 Mostly Cloudy   
2015 02 10 23:00 -8.7 83 30 6 100.23 NA   
