"Year" "Month" "Day" "Time" "Temp (°C)" "Rel Hum (%)" "Wind Dir ( deg)" "Wind Spd (km/h)" "Stn Press (kPa)" "Weather"
2015 02 05 00:00 -8.3 79 330 23 99.75 Snow Blowing Snow  
2015 02 05 01:00 -9.5 69 330 30 99.81 Blowing Snow   
2015 02 05 02:00 -11.5 68 320 18 99.86 NA   
2015 02 05 03:00 -12.4 64 310 20 99.95 NA   
2015 02 05 04:00 -12.5 63 310 22 99.99 Mainly Clear   
2015 02 05 05:00 -12.9 66 300 23 100.06 NA   
2015 02 05 06:00 -14.1 69 320 23 100.18 NA   
2015 02 05 07:00 -14.9 69 320 19 100.31 Mainly Clear   
2015 02 05 08:00 -14.8 75 330 24 100.44 NA   
2015 02 05 09:00 -15.1 73 340 23 100.55 NA   
2015 02 05 10:00 -14.4 66 340 14 100.61 Mainly Clear   
2015 02 05 11:00 -13.5 58 350 18 100.68 NA   
2015 02 05 12:00 -12.5 58 320 8 100.66 NA   
2015 02 05 13:00 -11.5 49 300 10 100.60 Mainly Clear   
2015 02 05 14:00 -10.9 48 0 0 100.54 NA   
2015 02 05 15:00 -9.6 47 280 19 100.49 NA   
2015 02 05 16:00 -10.2 51 260 30 100.47 Mostly Cloudy   
2015 02 05 17:00 -10.8 53 280 23 100.45 NA   
2015 02 05 18:00 -12.1 58 270 16 100.45 NA   
2015 02 05 19:00 -12.0 60 230 16 100.42 Clear   
2015 02 05 20:00 -12.4 64 230 15 100.40 NA   
2015 02 05 21:00 -13.5 67 240 18 100.32 NA   
2015 02 05 22:00 -13.3 64 220 17 100.23 Mostly Cloudy   
2015 02 05 23:00 -13.1 61 220 18 100.14 NA   
