"Year" "Month" "Day" "Time" "Temp (°C)" "Rel Hum (%)" "Wind Dir ( deg)" "Wind Spd (km/h)" "Stn Press (kPa)" "Weather"
2015 02 17 00:00 -14.6 60 10 9 99.59 NA   
2015 02 17 01:00 -15.1 63 360 11 99.52 Mostly Cloudy   
2015 02 17 02:00 -16.0 60 360 9 99.44 NA   
2015 02 17 03:00 -16.3 60 340 10 99.38 NA   
2015 02 17 04:00 -15.9 59 310 12 99.29 Mostly Cloudy   
2015 02 17 05:00 -15.2 58 350 8 99.22 NA   
2015 02 17 06:00 -15.2 61 360 7 99.21 NA   
2015 02 17 07:00 -15.3 61 320 14 99.20 Cloudy   
2015 02 17 08:00 -14.6 63 10 7 99.21 NA   
2015 02 17 09:00 -13.6 61 310 10 99.21 NA   
2015 02 17 10:00 -12.6 60 300 6 99.22 Mostly Cloudy   
2015 02 17 11:00 -11.0 50 250 15 99.17 NA   
2015 02 17 12:00 -9.7 37 260 8 99.09 NA   
2015 02 17 13:00 -9.2 28 210 10 99.02 Mostly Cloudy   
2015 02 17 14:00 -8.7 29 240 16 98.99 NA   
2015 02 17 15:00 -9.0 25 240 17 98.97 NA   
2015 02 17 16:00 -9.2 28 210 19 98.96 Mainly Clear   
2015 02 17 17:00 -9.9 35 200 13 98.95 NA   
2015 02 17 18:00 -10.6 42 210 12 98.96 NA   
2015 02 17 19:00 -10.9 58 220 22 99.04 Mostly Cloudy   
2015 02 17 20:00 -11.8 68 230 19 99.03 NA   
2015 02 17 21:00 -12.2 75 240 14 99.01 NA   
2015 02 17 22:00 -12.9 78 230 10 99.00 Mainly Clear   
2015 02 17 23:00 -12.9 80 250 7 98.98 NA   
