"Year" "Month" "Day" "Time" "Temp (°C)" "Rel Hum (%)" "Wind Dir ( deg)" "Wind Spd (km/h)" "Stn Press (kPa)" "Weather"
2015 02 04 00:00 -6.9 89 180 3 99.83 Snow   
2015 02 04 01:00 -6.7 91 360 3 99.75 Snow   
2015 02 04 02:00 -6.2 91 160 4 99.69 Snow   
2015 02 04 03:00 -5.5 90 210 12 99.61 Snow   
2015 02 04 04:00 -5.0 90 210 11 99.50 Snow   
2015 02 04 05:00 -4.9 90 200 9 99.40 NA   
2015 02 04 06:00 -4.3 90 200 9 99.36 Snow   
2015 02 04 07:00 -3.9 90 360 3 99.34 Snow   
2015 02 04 08:00 -3.5 89 240 3 99.32 Snow   
2015 02 04 09:00 -3.1 90 220 4 99.33 Snow   
2015 02 04 10:00 -2.9 91 290 2 99.30
2015 02 04 11:00 -2.8 93 360 1 99.27 Snow   
2015 02 04 12:00 -2.3 91 260 9 99.24 Snow   
2015 02 04 13:00 -1.9 87 250 17 99.17 Snow   
2015 02 04 14:00 -1.6 77 280 32 99.14 Snow   
2015 02 04 15:00 -2.3 83 290 25 99.13 Snow   
2015 02 04 16:00 -2.6 78 290 24 99.15 Snow   
2015 02 04 17:00 -3.6 76 280 26 99.25 Snow   
2015 02 04 18:00 -5.6 86 350 20 99.38 Snow   
2015 02 04 19:00 -5.8 83 350 14 99.46 Snow   
2015 02 04 20:00 -6.1 84 350 19 99.50 NA   
2015 02 04 21:00 -6.9 78 350 20 99.59 NA   
2015 02 04 22:00 -7.4 85 300 11 99.66 Snow   
2015 02 04 23:00 -8.7 84 320 14 99.67 NA   
