"Year" "Month" "Day" "Time" "Temp (°C)" "Rel Hum (%)" "Wind Dir ( deg)" "Wind Spd (km/h)" "Stn Press (kPa)" "Weather"
2015 02 18 00:00 -12.6 82 230 11 98.91 NA   
2015 02 18 01:00 -12.0 83 210 11 98.87 Mostly Cloudy   
2015 02 18 02:00 -11.5 83 210 9 98.84 Snow Showers   
2015 02 18 03:00 -11.4 85 220 6 98.75 Snow Showers   
2015 02 18 04:00 -12.0 87 240 7 98.68 Cloudy   
2015 02 18 05:00 -11.9 87 230 10 98.66 NA   
2015 02 18 06:00 -12.6 88 240 9 98.64 NA   
2015 02 18 07:00 -12.4 86 250 10 98.62 Snow   
2015 02 18 08:00 -12.0 85 260 11 98.64 NA   
2015 02 18 09:00 -11.2 78 280 13 98.66 NA   
2015 02 18 10:00 -9.9 70 290 14 98.63 Mostly Cloudy   
2015 02 18 11:00 -9.1 56 290 15 98.62 NA   
2015 02 18 12:00 -8.9 54 280 9 98.60 NA   
2015 02 18 13:00 -8.8 59 310 11 98.50 Cloudy   
2015 02 18 14:00 -8.7 65 250 5 98.45 Snow   
2015 02 18 15:00 -8.9 72 270 7 98.47 Snow   
2015 02 18 16:00 -9.1 77 280 8 98.55 Snow   
2015 02 18 17:00 -9.4 84 280 9 98.62 Snow   
2015 02 18 18:00 -9.4 73 310 19 98.71 Snow   
2015 02 18 19:00 -10.8 80 350 26 98.80 Snow   
2015 02 18 20:00 -11.8 75 340 32 98.87 Snow Blowing Snow  
2015 02 18 21:00 -12.3 70 340 23 98.92 Snow Blowing Snow  
2015 02 18 22:00 -12.8 68 320 23 98.98 Blowing Snow   
2015 02 18 23:00 -13.5 68 310 22 99.02 Blowing Snow   
