"Year" "Month" "Day" "Time" "Temp (°C)" "Rel Hum (%)" "Wind Dir ( deg)" "Wind Spd (km/h)" "Stn Press (kPa)" "Weather"
2015 02 03 00:00 -14.8 73 240 14 99.89 NA   
2015 02 03 01:00 -15.1 75 230 14 99.85 Mostly Cloudy   
2015 02 03 02:00 -16.0 80 240 12 99.84 NA   
2015 02 03 03:00 -15.9 80 250 16 99.84 NA   
2015 02 03 04:00 -15.4 79 240 12 99.83 Mostly Cloudy   
2015 02 03 05:00 -15.4 73 230 11 99.84 NA   
2015 02 03 06:00 -14.2 68 210 7 99.79 NA   
2015 02 03 07:00 -13.7 70 200 9 99.83 Mostly Cloudy   
2015 02 03 08:00 -13.3 73 200 9 99.83 NA   
2015 02 03 09:00 -11.9 76 250 23 99.84 NA   
2015 02 03 10:00 -11.3 75 240 22 99.89 Mostly Cloudy   
2015 02 03 11:00 -8.9 68 230 24 99.93 NA   
2015 02 03 12:00 -6.7 64 240 24 99.90 NA   
2015 02 03 13:00 -5.7 63 230 35 99.84 Mostly Cloudy   
2015 02 03 14:00 -6.0 63 250 39 99.83 NA   
2015 02 03 15:00 -6.3 66 240 37 99.85 NA   
2015 02 03 16:00 -6.4 60 230 28 99.86 Mostly Cloudy   
2015 02 03 17:00 -7.0 63 240 25 99.86 NA   
2015 02 03 18:00 -7.1 68 220 24 99.90 NA   
2015 02 03 19:00 -7.1 67 240 27 99.94 Mostly Cloudy   
2015 02 03 20:00 -7.8 70 230 17 99.97 NA   
2015 02 03 21:00 -7.9 73 240 16 99.97 NA   
2015 02 03 22:00 -7.6 80 230 9 99.92 Snow   
2015 02 03 23:00 -7.2 87 210 8 99.88 Snow   
