"Year" "Month" "Day" "Time" "Temp (°C)" "Rel Hum (%)" "Wind Dir ( deg)" "Wind Spd (km/h)" "Stn Press (kPa)" "Weather"
2015 02 13 00:00 -18.2 66 320 20 100.30 NA   
2015 02 13 01:00 -18.8 66 330 22 100.34 Clear   
2015 02 13 02:00 -19.5 66 320 24 100.34 NA   
2015 02 13 03:00 -20.6 65 330 23 100.34 NA   
2015 02 13 04:00 -21.2 64 330 21 100.34 Clear   
2015 02 13 05:00 -22.1 67 320 18 100.37 NA   
2015 02 13 06:00 -22.5 70 310 14 100.42 NA   
2015 02 13 07:00 -22.4 68 310 14 100.45 Clear   
2015 02 13 08:00 -22.1 66 310 11 100.48 NA   
2015 02 13 09:00 -21.0 65 320 9 100.49 NA   
2015 02 13 10:00 -19.6 61 320 3 100.48 Mainly Clear   
2015 02 13 11:00 -17.3 61 260 10 100.41 NA   
2015 02 13 12:00 -15.1 59 240 16 100.33 NA   
2015 02 13 13:00 -13.2 57 230 14 100.23 Mostly Cloudy   
2015 02 13 14:00 -12.1 58 240 14 100.07 NA   
2015 02 13 15:00 -11.1 58 190 14 99.93 NA   
2015 02 13 16:00 -11.1 59 210 17 99.85 Mostly Cloudy   
2015 02 13 17:00 -11.3 58 220 27 99.80 NA   
2015 02 13 18:00 -11.6 64 200 17 99.70 NA   
2015 02 13 19:00 -12.0 66 210 17 99.65 Cloudy   
2015 02 13 20:00 -11.9 70 190 14 99.52 NA   
2015 02 13 21:00 -11.7 76 210 19 99.40 Snow   
2015 02 13 22:00 -11.1 79 210 27 99.25 Snow   
2015 02 13 23:00 -10.7 81 210 23 99.10 Snow Blowing Snow  
