"Year" "Month" "Day" "Time" "Temp (°C)" "Rel Hum (%)" "Wind Dir ( deg)" "Wind Spd (km/h)" "Stn Press (kPa)" "Weather"
2015 02 11 00:00 -7.9 81 40 8 100.15 NA   
2015 02 11 01:00 -8.1 82 250 3 100.13 Mostly Cloudy   
2015 02 11 02:00 -7.8 83 300 3 100.09 NA   
2015 02 11 03:00 -9.1 84 30 5 100.02 NA   
2015 02 11 04:00 -5.8 79 140 11 99.90 Cloudy   
2015 02 11 05:00 -5.9 81 130 22 99.83 NA   
2015 02 11 06:00 -5.9 82 150 21 99.84 NA   
2015 02 11 07:00 -6.1 80 140 19 99.78 Cloudy   
2015 02 11 08:00 -5.6 79 130 16 99.71 NA   
2015 02 11 09:00 -4.9 73 130 20 99.63 NA   
2015 02 11 10:00 -5.1 74 190 19 99.58 Cloudy   
2015 02 11 11:00 -5.0 78 150 12 99.44 NA   
2015 02 11 12:00 -4.7 81 150 15 99.30 NA   
2015 02 11 13:00 -4.1 81 180 12 99.15 Snow Showers   
2015 02 11 14:00 -3.8 80 180 10 99.05 Snow Showers   
2015 02 11 15:00 -3.9 86 140 12 98.95 Snow   
2015 02 11 16:00 -3.2 91 190 5 98.90 Snow   
2015 02 11 17:00 -2.7 89 190 8 98.89 Snow   
2015 02 11 18:00 -2.4 85 230 18 98.88 Freezing Drizzle   
2015 02 11 19:00 -2.6 87 250 21 98.87 Snow   
2015 02 11 20:00 -2.7 89 250 22 98.84 NA   
2015 02 11 21:00 -2.7 89 250 21 98.81 NA   
2015 02 11 22:00 -2.5 88 250 22 98.76 Snow   
2015 02 11 23:00 -2.1 79 280 22 98.73 NA   
