"Year" "Month" "Day" "Time" "Temp (°C)" "Rel Hum (%)" "Wind Dir ( deg)" "Wind Spd (km/h)" "Stn Press (kPa)" "Weather"
2015 02 19 00:00 -14.0 59 310 23 99.04 NA   
2015 02 19 01:00 -14.5 65 310 25 99.07 Mostly Cloudy   
2015 02 19 02:00 -15.6 72 290 21 99.08 NA   
2015 02 19 03:00 -16.2 73 310 23 99.11 NA   
2015 02 19 04:00 -17.0 71 310 25 99.17 Clear   
2015 02 19 05:00 -17.4 72 300 22 99.24 NA   
2015 02 19 06:00   0      
2015 02 19 07:00   0      
2015 02 19 08:00   0      
2015 02 19 09:00   0      
2015 02 19 10:00   0      
2015 02 19 11:00   0      
2015 02 19 12:00   0      
2015 02 19 13:00   0      
2015 02 19 14:00   0      
2015 02 19 15:00   0      
2015 02 19 16:00   0      
2015 02 19 17:00   0      
2015 02 19 18:00   0      
2015 02 19 19:00   0      
2015 02 19 20:00   0      
2015 02 19 21:00   0      
2015 02 19 22:00   0      
2015 02 19 23:00   0      
