"Year" "Month" "Day" "Time" "Temp (°C)" "Rel Hum (%)" "Wind Dir ( deg)" "Wind Spd (km/h)" "Stn Press (kPa)" "Weather"
2015 02 15 00:00 -19.8 66 340 42 99.46 Blowing Snow   
2015 02 15 01:00 -20.5 69 340 38 99.55 Blowing Snow   
2015 02 15 02:00 -21.8 64 340 48 99.66 Blowing Snow   
2015 02 15 03:00 -22.7 62 340 50 99.80 Blowing Snow   
2015 02 15 04:00 -23.6 60 340 42 99.91 Blowing Snow   
2015 02 15 05:00 -24.3 60 350 30 100.12 Blowing Snow   
2015 02 15 06:00 -24.6 59 350 42 100.21 NA   
2015 02 15 07:00 -25.2 60 350 34 100.31 Mainly Clear   
2015 02 15 08:00 -25.4 58 340 34 100.49 NA   
2015 02 15 09:00 -24.8 57 350 36 100.59 NA   
2015 02 15 10:00 -23.9 55 340 31 100.66 Clear   
2015 02 15 11:00 -22.4 56 330 43 100.69 NA   
2015 02 15 12:00 -21.2 55 340 39 100.71 NA   
2015 02 15 13:00 -20.4 53 340 30 100.67 Clear   
2015 02 15 14:00 -19.7 52 350 35 100.64 NA   
2015 02 15 15:00 -19.3 52 340 32 100.67 NA   
2015 02 15 16:00 -19.6 53 340 34 100.71 Clear   
2015 02 15 17:00 -20.0 52 330 31 100.72 NA   
2015 02 15 18:00 -20.6 55 330 30 100.77 NA   
2015 02 15 19:00 -20.6 53 330 29 100.84 Clear   
2015 02 15 20:00 -21.3 60 320 37 100.88 NA   
2015 02 15 21:00 -21.5 63 320 32 100.87 NA   
2015 02 15 22:00 -21.0 62 340 32 100.85 Clear   
2015 02 15 23:00 -21.2 64 350 31 100.78 NA   
