"Year" "Month" "Day" "Time" "Temp (°C)" "Rel Hum (%)" "Wind Dir ( deg)" "Wind Spd (km/h)" "Stn Press (kPa)" "Weather"
2015 01 20 00:00 -8.6 72 300 13 99.37 NA   
2015 01 20 01:00 -8.6 73 320 12 99.36 Mostly Cloudy   
2015 01 20 02:00 -9.6 80 350 14 99.39 NA   
2015 01 20 03:00 -10.6 75 10 18 99.42 NA   
2015 01 20 04:00 -11.5 74 10 19 99.44 Mostly Cloudy   
2015 01 20 05:00 -12.4 72 350 9 99.45 NA   
2015 01 20 06:00 -12.7 70 340 15 99.48 NA   
2015 01 20 07:00 -12.8 68 340 14 99.52 Mostly Cloudy   
2015 01 20 08:00 -12.9 71 360 11 99.54 NA   
2015 01 20 09:00 -12.1 68 330 19 99.58 NA   
2015 01 20 10:00 -11.7 68 340 17 99.62 Mostly Cloudy   
2015 01 20 11:00 -10.7 60 330 14 99.64 NA   
2015 01 20 12:00 -8.6 50 340 14 99.60 NA   
2015 01 20 13:00 -7.4 44 350 16 99.57 Mainly Clear   
2015 01 20 14:00 -6.9 41 20 13 99.58 NA   
2015 01 20 15:00 -6.7 40 360 13 99.63 NA   
2015 01 20 16:00 -7.1 41 340 11 99.66 Mainly Clear   
2015 01 20 17:00 -8.1 44 340 17 99.73 NA   
2015 01 20 18:00 -9.1 48 360 15 99.79 NA   
2015 01 20 19:00 -10.1 48 10 11 99.84 Clear   
2015 01 20 20:00 -10.5 54 360 16 99.87 NA   
2015 01 20 21:00 -10.7 56 340 14 99.86 NA   
2015 01 20 22:00 -11.9 69 330 9 99.89 Clear   
2015 01 20 23:00 -12.1 73 360 8 99.91 NA   
2015 01 21 00:00 -12.2 75 340 13 99.93 NA   
2015 01 21 01:00 -12.8 76 360 9 99.93 Clear   
2015 01 21 02:00 -12.6 77 350 8 99.92 NA   
2015 01 21 03:00 -13.5 78 10 10 99.90 NA   
2015 01 21 04:00 -13.4 78 360 9 99.91 Clear   
2015 01 21 05:00 -13.7 78 320 11 99.94 NA   
2015 01 21 06:00 -13.3 73 360 8 99.94 NA   
2015 01 21 07:00 -13.1 74 10 10 99.92 Mainly Clear   
2015 01 21 08:00 -12.7 72 280 5 99.96 NA   
2015 01 21 09:00 -11.2 75 20 12 99.92 NA   
2015 01 21 10:00 -8.7 71 20 12 99.90 Mostly Cloudy   
2015 01 21 11:00 -3.0  40 15 99.91 NA   
2015 01 21 12:00 -4.5 75 140 9 99.90 NA   
2015 01 21 13:00 -4.0 77 50 17 99.80 Mostly Cloudy   
2015 01 21 14:00 -3.9 79 70 14 99.77 NA   
2015 01 21 15:00 -3.7 75 70 16 99.75 NA   
2015 01 21 16:00 -3.8 74 70 15 99.81 Cloudy   
2015 01 21 17:00 -4.2 75 60 11 99.83 NA   
2015 01 21 18:00 -4.4 75 40 13 99.86 NA   
2015 01 21 19:00 -4.3 75 40 12 99.92 Cloudy   
2015 01 21 20:00 -4.5 76 40 13 99.91 NA   
2015 01 21 21:00 -4.7 76 20 16 99.92 NA   
2015 01 21 22:00 -5.0 76 30 16 99.95 Cloudy   
2015 01 21 23:00 -5.3 76 20 18 99.98 NA   
2015 01 22 00:00 -5.8 78 360 18 100.03 NA   
2015 01 22 01:00 -6.1 78 360 19 100.04 Cloudy   
2015 01 22 02:00 -6.1 79 10 16 100.11 NA   
2015 01 22 03:00 -6.3 78 340 9 100.19 NA   
2015 01 22 04:00 -6.5 78 330 13 100.21 Cloudy   
2015 01 22 05:00 -6.8 78 330 9 100.23 Snow Showers   
2015 01 22 06:00 -7.2 81 330 8 100.30 NA   
2015 01 22 07:00 -8.0 82 320 10 100.38 Mainly Clear   
2015 01 22 08:00 -8.9 85 310 12 100.49 NA   
2015 01 22 09:00 -7.1 81 330 12 100.53 NA   
2015 01 22 10:00 -5.9 74 310 11 100.55 Clear   
2015 01 22 11:00 -4.2 67 280 11 100.61 NA   
2015 01 22 12:00 -2.5 56 310 12 100.59 NA   
2015 01 22 13:00 -1.3 55 310 13 100.51 Clear   
2015 01 22 14:00 -0.7 54 310 23 100.51 NA   
2015 01 22 15:00 -0.8 57 300 24 100.55 NA   
2015 01 22 16:00 -1.6 60 290 23 100.60 Mainly Clear   
2015 01 22 17:00 -2.9 65 280 19 100.64 NA   
2015 01 22 18:00 -4.2 70 270 14 100.68 NA   
2015 01 22 19:00 -4.5 74 260 18 100.77 Mainly Clear   
2015 01 22 20:00 -3.5 73 250 17 100.73 NA   
2015 01 22 21:00 -3.2 71 250 15 100.68 NA   
2015 01 22 22:00 -3.1 71 240 14 100.65 Cloudy   
2015 01 22 23:00 -3.4 73 220 22 100.64 NA   
2015 01 23 00:00 -3.4 73 220 17 100.59 NA   
2015 01 23 01:00 -3.5 74 220 17 100.55 Cloudy   
2015 01 23 02:00 -3.3 73 220 13 100.49 NA   
2015 01 23 03:00 -3.2 71 210 18 100.45 NA   
2015 01 23 04:00 -3.2 71 220 16 100.39 Cloudy   
2015 01 23 05:00 -3.1 70 230 19 100.32 NA   
2015 01 23 06:00 -3.2 70 230 21 100.28 NA   
2015 01 23 07:00 -3.4 71 230 19 100.27 Cloudy   
2015 01 23 08:00 -3.1 70 220 20 100.22 NA   
2015 01 23 09:00 -3.0 69 240 33 100.12 NA   
2015 01 23 10:00 -2.1 66 230 30 100.03 Mainly Clear   
2015 01 23 11:00 -1.6 64 220 26 99.97 NA   
2015 01 23 12:00 -1.2 63 220 30 99.83 NA   
2015 01 23 13:00 0.3 62 220 27 99.68 Mainly Clear   
2015 01 23 14:00 1.3 59 220 32 99.56 NA   
2015 01 23 15:00 1.1 61 230 29 99.46 NA   
2015 01 23 16:00 -0.2 67 220 32 99.39 Clear   
2015 01 23 17:00 -1.3 72 220 32 99.33 NA   
2015 01 23 18:00 -2.3 76 220 32 99.32 NA   
2015 01 23 19:00 -3.1 81 220 21 99.25 Clear   
2015 01 23 20:00 -3.6 83 230 18 99.14 NA   
2015 01 23 21:00 -5.3 86 260 11 99.10 NA   
2015 01 23 22:00 -4.3 86 210 15 99.03 Mostly Cloudy   
2015 01 23 23:00 -4.9 86 240 15 98.92 NA   
2015 01 24 00:00 -5.6 87 230 10 98.82 NA   
2015 01 24 01:00 -5.9 87 280 11 98.66 Mostly Cloudy   
2015 01 24 02:00 -4.7 87 250 13 98.61 NA   
2015 01 24 03:00 -4.0 85 230 13 98.57 NA   
2015 01 24 04:00 -3.8 85 250 17 98.47 Cloudy   
2015 01 24 05:00 -3.6 84 260 18 98.42 NA   
2015 01 24 06:00 -3.3 83 230 11 98.32 NA   
2015 01 24 07:00 -3.2 83 210 12 98.26 Cloudy   
2015 01 24 08:00 -3.2 83 200 12 98.23 NA   
2015 01 24 09:00 -3.2 85 200 15 98.15 NA   
2015 01 24 10:00 -2.9 86 240 18 98.14 Cloudy   
2015 01 24 11:00 -2.5 85 250 19 98.09 Fog   
2015 01 24 12:00 -2.2 85 250 17 97.97 Fog   
2015 01 24 13:00 -1.9 86 250 20 97.86 Fog   
2015 01 24 14:00 -1.8 87 260 13 97.75 Snow   
2015 01 24 15:00 -1.8 89 230 16 97.72 Snow   
2015 01 24 16:00 -1.4 91 250 17 97.72 Freezing Drizzle   
2015 01 24 17:00 -1.1 90 250 13 97.73 Freezing Drizzle   
2015 01 24 18:00 -0.8 87 270 13 97.79 NA   
2015 01 24 19:00 -0.8 87 260 15 97.79 Cloudy   
2015 01 24 20:00 -0.3 87 260 21 97.79 NA   
2015 01 24 21:00 0.2 87 280 22 97.85 Snow   
2015 01 24 22:00 0.2 81 280 25 97.86 Mostly Cloudy   
2015 01 24 23:00 -0.4 73 310 26 97.92 NA   
2015 01 25 00:00 -1.5 74 350 36 98.01 NA   
2015 01 25 01:00 -3.0 78 350 29 98.10 Cloudy   
2015 01 25 02:00 -4.4 70 330 36 98.23 NA   
2015 01 25 03:00 -6.4 73 330 33 98.41 NA   
2015 01 25 04:00 -8.0 74 350 23 98.57 Clear   
2015 01 25 05:00 -10.0 76 340 25 98.73 NA   
2015 01 25 06:00 -11.1 76 350 23 98.88 NA   
2015 01 25 07:00 -11.4 76 350 23 99.01 Mainly Clear   
2015 01 25 08:00 -11.7 72 340 23 99.09 NA   
2015 01 25 09:00 -11.7 70 350 34 99.20 NA   
2015 01 25 10:00 -11.0 61 350 28 99.27 Mainly Clear   
2015 01 25 11:00 -10.1 56 350 21 99.35 NA   
2015 01 25 12:00 -9.2 47 20 15 99.38 NA   
2015 01 25 13:00 -8.4 40 10 9 99.35 Mostly Cloudy   
2015 01 25 14:00 -7.3 38 10 14 99.36 NA   
2015 01 25 15:00 -7.8 39 360 14 99.38 NA   
2015 01 25 16:00 -8.5 43 350 19 99.43 Mostly Cloudy   
2015 01 25 17:00 -9.1 46 10 21 99.49 NA   
2015 01 25 18:00 -9.8 45 10 22 99.58 NA   
2015 01 25 19:00 -10.8 56 350 22 99.72 Cloudy   
2015 01 25 20:00 -11.5 57 10 25 99.71 NA   
2015 01 25 21:00 -12.1 63 10 24 99.72 NA   
2015 01 25 22:00 -12.4 66 10 19 99.70 Mostly Cloudy   
2015 01 25 23:00 -12.3 67 10 16 99.72 NA   
2015 01 26 00:00 -12.1 64 30 17 99.72 NA   
2015 01 26 01:00 -12.3 62 40 18 99.69 Cloudy   
2015 01 26 02:00 -12.2 59 40 14 99.67 NA   
2015 01 26 03:00 -11.7 58 50 16 99.61 NA   
2015 01 26 04:00 -11.9 67 60 17 99.56 Snow   
2015 01 26 05:00 -12.4 72 50 21 99.54 Snow   
2015 01 26 06:00 -12.4 73 50 20 99.51 Snow   
2015 01 26 07:00 -12.7 72 60 17 99.53 Snow   
2015 01 26 08:00 -13.5 70 40 21 99.58 NA   
2015 01 26 09:00 -12.7 61 30 23 99.57 NA   
2015 01 26 10:00 -11.6 62 40 23 99.58 Mostly Cloudy   
2015 01 26 11:00 -11.0 59 50 19 99.60 NA   
2015 01 26 12:00 -9.9 55 60 24 99.49 NA   
2015 01 26 13:00 -9.2 52 80 22 99.41 Mostly Cloudy   
2015 01 26 14:00 -8.3 42 50 23 99.37 NA   
2015 01 26 15:00 -8.6 46 50 23 99.36 NA   
2015 01 26 16:00 -8.1 46 70 20 99.38 Mostly Cloudy   
2015 01 26 17:00 -8.4 43 40 19 99.40 NA   
2015 01 26 18:00 -8.6 44 70 18 99.48 NA   
2015 01 26 19:00 -9.0 42 50 20 99.54 Mostly Cloudy   
2015 01 26 20:00 -9.5 51 50 18 99.56 NA   
2015 01 26 21:00 -9.8 55 30 21 99.54 NA   
2015 01 26 22:00 -10.1 62 30 19 99.55 Mostly Cloudy   
2015 01 26 23:00 -10.2 64 40 15 99.52 Snow Showers   
2015 01 27 00:00 -10.4 61 20 18 99.49 Snow Showers   
2015 01 27 01:00 -10.6 63 10 19 99.48 Snow Showers   
2015 01 27 02:00 -11.3 74 10 21 99.47 Snow   
2015 01 27 03:00 -11.9 77 10 18 99.51 Snow   
2015 01 27 04:00 -12.4 77 360 20 99.52 Snow   
2015 01 27 05:00 -12.3 76 360 24 99.55 Snow   
2015 01 27 06:00 -12.0 77 10 17 99.57 Snow   
2015 01 27 07:00 -12.0 78 20 18 99.65 Snow   
2015 01 27 08:00 -11.9 80 20 17 99.72 Snow   
2015 01 27 09:00 -11.8 77 360 18 99.76 Snow   
2015 01 27 10:00 -11.2 76 10 20 99.79 Snow   
2015 01 27 11:00 -9.6 63 10 17 99.78 NA   
2015 01 27 12:00 -8.6 60 10 14 99.75 NA   
2015 01 27 13:00 -7.4 52 20 15 99.72 Mainly Clear   
2015 01 27 14:00 -6.9 51 340 21 99.70 NA   
2015 01 27 15:00 -7.4 42 360 20 99.74 NA   
2015 01 27 16:00 -6.8 36 20 24 99.81 Mostly Cloudy   
2015 01 27 17:00 -7.3 41 340 26 99.89 NA   
2015 01 27 18:00 -9.1 46 350 23 99.98 NA   
2015 01 27 19:00 -10.1 57 340 19 100.00 Mainly Clear   
2015 01 27 20:00 -10.6 59 340 22 100.00 NA   
2015 01 27 21:00 -10.3 61 340 21 99.95 NA   
2015 01 27 22:00 -10.2 60 340 22 99.96 Clear   
2015 01 27 23:00 -10.6 60 340 18 99.98 NA   
2015 01 28 00:00 -11.1 60 340 21 99.99 NA   
2015 01 28 01:00 -12.5 63 310 14 100.05 Clear   
2015 01 28 02:00 -12.4 64 320 14 100.07 NA   
2015 01 28 03:00 -13.2 68 310 17 100.05 NA   
2015 01 28 04:00 -12.7 69 320 17 100.08 Clear   
2015 01 28 05:00 -12.4 69 360 11 100.19 NA   
2015 01 28 06:00 -12.0 74 340 13 100.26 NA   
2015 01 28 07:00 -11.8 78 340 15 100.33 Clear   
2015 01 28 08:00 -12.5 81 320 9 100.44 NA   
2015 01 28 09:00 -9.6 74 350 11 100.50 NA   
2015 01 28 10:00 -6.8 65 360 16 100.53 Clear   
2015 01 28 11:00 -4.7 44 10 25 100.57 NA   
2015 01 28 12:00 -3.8 41 350 14 100.58 NA   
2015 01 28 13:00 -3.1 37 30 10 100.50 Mainly Clear   
2015 01 28 14:00 -2.4 35 360 4 100.41 NA   
2015 01 28 15:00 -1.6 28 330 5 100.43 NA   
2015 01 28 16:00 -1.6 38 190 8 100.44 Clear   
2015 01 28 17:00 -2.8 43 170 11 100.46 NA   
2015 01 28 18:00 -4.3 42 170 8 100.46 NA   
2015 01 28 19:00 -4.5 42 180 7 100.50 Clear   
2015 01 28 20:00 -4.9 42 210 10 100.48 NA   
2015 01 28 21:00 -5.8 47 190 8 100.43 NA   
2015 01 28 22:00 -6.5 53 230 9 100.41 Mainly Clear   
2015 01 28 23:00 -6.6 55 150 6 100.36 NA   
2015 01 29 00:00 -6.6 56 150 7 100.32 NA   
2015 01 29 01:00 -7.1 62 160 9 100.28 Cloudy   
2015 01 29 02:00 -6.4 61 180 7 100.25 NA   
2015 01 29 03:00 -5.8 72 160 8 100.19 NA   
2015 01 29 04:00 -5.3 74 150 8 100.11 Cloudy   
2015 01 29 05:00 -4.5 71 170 10 99.99 NA   
2015 01 29 06:00 -3.2 59 170 14 99.85 NA   
2015 01 29 07:00 -3.1 61 140 14 99.75 Cloudy   
2015 01 29 08:00 -2.9 58 140 18 99.61 NA   
2015 01 29 09:00 -2.2 51 130 21 99.39 NA   
2015 01 29 10:00 -1.6 44 150 17 99.22 Cloudy   
2015 01 29 11:00 -1.1 46 130 18 98.96 NA   
2015 01 29 12:00 -0.2 46 150 13 98.90 NA   
2015 01 29 13:00 -2.2 76 190 12 98.78 Moderate Snow   
2015 01 29 14:00 -2.3 92 160 9 98.64 Snow   
2015 01 29 15:00 -1.6 91 180 11 98.59 Freezing Rain Snow  
2015 01 29 16:00 -1.4 93 210 7 98.55 Freezing Rain Snow Ice Pellets 
2015 01 29 17:00 -1.4 94 220 3 98.56 Snow Ice Pellets  
2015 01 29 18:00 -1.3 92 290 10 98.60 Snow   
2015 01 29 19:00 -1.6 92 290 14 98.66 Snow   
2015 01 29 20:00 -1.7 91 290 23 98.70 Snow   
2015 01 29 21:00 -1.3 85 300 24 98.76 Snow Blowing Snow  
2015 01 29 22:00 -1.1 78 320 31 98.83 Blowing Snow   
2015 01 29 23:00 -1.1 77 310 28 98.91 NA   
2015 01 29 23:00 -1.1 77 310 28 98.91 NA   
2015 01 30 00:00 -1.4 75 300 26 99.01 NA   
2015 01 30 01:00 -1.7 75 310 32 99.07 Cloudy   
2015 01 30 02:00 -1.9 74 340 35 99.15 NA   
2015 01 30 03:00 -2.8 76 330 31 99.27 NA   
2015 01 30 04:00 -3.5 79 330 23 99.35 Cloudy   
2015 01 30 05:00 -4.9 77 340 35 99.47 NA   
2015 01 30 06:00 -7.7 71 340 41 99.66 Blowing Snow   
2015 01 30 07:00 -9.1 71 340 41 99.81 Blowing Snow   
2015 01 30 08:00 -10.7 71 330 49 99.92 Blowing Snow   
2015 01 30 09:00 -11.3 72 330 44 100.00 Blowing Snow   
2015 01 30 10:00 -11.4 70 330 53 100.06 Blowing Snow   
2015 01 30 11:00 -11.8 68 340 50 100.18 Blowing Snow   
2015 01 30 12:00 -11.7 66 340 50 100.24 Blowing Snow   
2015 01 30 13:00 -11.0 64 320 37 100.32 Mainly Clear   
2015 01 30 14:00 -10.7 60 330 33 100.37 NA   
2015 01 30 15:00 -10.6 55 340 40 100.46 NA   
2015 01 30 16:00 -11.1 60 330 30 100.53 Clear   
2015 01 30 17:00 -11.5 59 320 31 100.58 NA   
2015 01 30 18:00 -12.4 59 310 28 100.64 NA   
2015 01 30 19:00 -12.9 62 300 23 100.69 Mainly Clear   
2015 01 30 20:00 -13.4 61 300 23 100.70 NA   
2015 01 30 21:00 -13.8 59 310 19 100.73 NA   
2015 01 30 22:00 -14.7 65 290 14 100.75 Mainly Clear   
2015 01 30 23:00 -15.9 69 290 14 100.72 NA   
