"Year" "Month" "Day" "Time" "Temp (°C)" "Rel Hum (%)" "Wind Dir ( deg)" "Wind Spd (km/h)" "Stn Press (kPa)" "Weather"
2015 02 07 00:00 -5.3 75 220 10 99.68 NA   
2015 02 07 01:00 -4.6 76 260 14 99.68 Cloudy   
2015 02 07 02:00 -4.3 75 240 8 99.63 NA   
2015 02 07 03:00 -4.4 75 180 5 99.64 NA   
2015 02 07 04:00 -4.5 76 210 12 99.54 Cloudy   
2015 02 07 05:00 -4.8 76 220 12 99.54 NA   
2015 02 07 06:00 -4.6 75 200 5 99.48 NA   
2015 02 07 07:00 -5.2 87 210 10 99.52 Snow   
2015 02 07 08:00 -5.3 91 200 8 99.50 Snow   
2015 02 07 09:00 -4.9 89 150 3 99.45 Snow   
2015 02 07 10:00 -4.5 88 360 1 99.40 Snow   
2015 02 07 11:00 -3.8 86 360 1 99.43 Snow   
2015 02 07 12:00 -3.5 89 40 7 99.36 Snow   
2015 02 07 13:00 -3.0 87 110 7 99.23 Snow   
2015 02 07 14:00 -2.8 86 140 7 99.20 Snow   
2015 02 07 15:00 -2.5 86 130 8 99.19 Snow   
2015 02 07 16:00 -2.6 88 120 9 99.17 Snow   
2015 02 07 17:00 -2.7 91 100 8 99.19 Snow   
2015 02 07 18:00 -2.9 93 70 10 99.19 Snow   
2015 02 07 19:00 -3.1 92 60 11 99.25 Snow   
2015 02 07 20:00 -3.1 93 80 17 99.22 Snow   
2015 02 07 21:00 -4.4 91 80 21 99.25 Snow   
2015 02 07 22:00 -5.4 89 100 28 99.28 Snow   
2015 02 07 23:00 -6.5 89 80 20 99.22 NA   
