"Year" "Month" "Day" "Time" "Temp (°C)" "Rel Hum (%)" "Wind Dir ( deg)" "Wind Spd (km/h)" "Stn Press (kPa)" "Weather"
2015 02 09 00:00 -13.0 79 50 19 99.58 Snow Blowing Snow  
2015 02 09 01:00 -13.2 79 30 20 99.57 Snow Blowing Snow  
2015 02 09 02:00 -13.2 78 40 24 99.60 Snow Blowing Snow  
2015 02 09 03:00 -13.1 78 30 18 99.63 Snow   
2015 02 09 04:00 -13.0 77 40 19 99.62 Snow   
2015 02 09 05:00 -12.9 77 30 24 99.63 NA   
2015 02 09 06:00 -12.7 78 30 19 99.66 NA   
2015 02 09 07:00 -12.7 78 10 21 99.73 Cloudy   
2015 02 09 08:00 -12.5 78 30 20 99.77 NA   
2015 02 09 09:00 -12.4 77 30 20 99.79 NA   
2015 02 09 10:00 -12.0 76 30 17 99.83 Snow   
2015 02 09 11:00 -11.6 76 360 11 99.87 Snow   
2015 02 09 12:00 -11.6 77 340 17 99.91 Snow   
2015 02 09 13:00 -11.7 75 340 19 99.89 Snow   
2015 02 09 14:00 -11.4 74 350 18 99.83 NA   
2015 02 09 15:00 -11.0 73 10 17 99.85 Snow   
2015 02 09 16:00 -10.6 73 350 15 99.87 Snow   
2015 02 09 17:00 -10.8 77 10 16 99.92 Snow   
2015 02 09 18:00 -11.1 78 10 17 99.98 NA   
2015 02 09 19:00 -10.7 74 10 20 100.03 Snow   
2015 02 09 20:00 -10.6 75 350 13 100.06 Snow   
2015 02 09 21:00 -10.6 76 360 12 100.10 NA   
2015 02 09 22:00 -10.8 78 350 11 100.12 Mostly Cloudy   
2015 02 09 23:00 -11.0 78 340 14 100.16 Snow Showers   
