"Year" "Month" "Day" "Time" "Temp (°C)" "Rel Hum (%)" "Wind Dir ( deg)" "Wind Spd (km/h)" "Stn Press (kPa)" "Weather"
2015 02 12 00:00 -2.4 80 280 25 98.72 NA   
2015 02 12 01:00 -2.7 83 300 22 98.77 Cloudy   
2015 02 12 02:00 -3.4 75 310 25 98.80 NA   
2015 02 12 03:00 -4.4 68 310 33 98.82 NA   
2015 02 12 04:00 -6.1 69 310 35 98.87 Blowing Snow   
2015 02 12 05:00 -6.8 65 300 37 98.93 Blowing Snow   
2015 02 12 06:00 -8.2 68 280 24 98.95 Blowing Snow   
2015 02 12 07:00 -8.9 71 270 23 98.99 Blowing Snow   
2015 02 12 08:00 -9.4 74 290 19 99.04 NA   
2015 02 12 09:00 -10.6 61 330 37 99.15 Blowing Snow   
2015 02 12 10:00 -12.3 63 330 37 99.28 Mainly Clear   
2015 02 12 11:00 -14.5 61 350 39 99.41 NA   
2015 02 12 12:00 -15.2 61 340 37 99.48 NA   
2015 02 12 13:00 -14.9 56 340 39 99.51 Mainly Clear   
2015 02 12 14:00 -15.0 55 330 32 99.57 NA   
2015 02 12 15:00 -15.0 57 340 31 99.68 NA   
2015 02 12 16:00 -15.2 58 340 30 99.79 Mostly Cloudy   
2015 02 12 17:00 -15.3 56 330 39 99.87 NA   
2015 02 12 18:00 -16.1 58 310 33 100.02 NA   
2015 02 12 19:00 -16.3 61 310 29 100.10 Mainly Clear   
2015 02 12 20:00 -16.4 66 320 28 100.15 NA   
2015 02 12 21:00 -16.5 68 310 19 100.22 NA   
2015 02 12 22:00 -16.8 75 330 20 100.25 Mainly Clear   
2015 02 12 23:00 -17.2 68 340 28 100.28 NA   
