"Year" "Month" "Day" "Time" "Temp (°C)" "Rel Hum (%)" "Wind Dir ( deg)" "Wind Spd (km/h)" "Stn Press (kPa)" "Weather"
2015 02 06 00:00 -12.7 65 220 21 100.04 NA   
2015 02 06 01:00 -12.6 66 230 23 99.93 Mostly Cloudy   
2015 02 06 02:00 -13.1 70 200 22 99.82 NA   
2015 02 06 03:00 -12.5 74 220 18 99.74 Snow Showers   
2015 02 06 04:00 -11.7 77 230 13 99.66 Snow Showers   
2015 02 06 05:00 -10.7 84 240 25 99.61 Snow Showers   
2015 02 06 06:00 -10.1 74 260 31 99.64 Snow Showers Blowing Snow  
2015 02 06 07:00 -10.1 74 250 23 99.66 Snow Showers Blowing Snow  
2015 02 06 08:00 -10.4 74 230 27 99.60 Blowing Snow   
2015 02 06 09:00 -10.0 72 250 29 99.64 Blowing Snow   
2015 02 06 10:00 -8.9 71 250 36 99.64 Blowing Snow   
2015 02 06 11:00 -8.0 69 250 39 99.66 Blowing Snow   
2015 02 06 12:00 -7.2 66 250 35 99.65 Blowing Snow   
2015 02 06 13:00 -5.4 62 260 26 99.66 Blowing Snow   
2015 02 06 14:00 -4.9 64 250 29 99.59 Blowing Snow   
2015 02 06 15:00 -4.8 63 260 31 99.65 NA   
2015 02 06 16:00 -5.6 67 260 19 99.64 Mainly Clear   
2015 02 06 17:00 -5.7 68 270 18 99.69 NA   
2015 02 06 18:00 -5.7 71 260 27 99.75 NA   
2015 02 06 19:00 -5.8 71 260 23 99.77 Mostly Cloudy   
2015 02 06 20:00 -5.7 72 270 16 99.79 NA   
2015 02 06 21:00 -5.6 73 250 19 99.78 NA   
2015 02 06 22:00 -5.2 72 260 22 99.72 Cloudy   
2015 02 06 23:00 -5.2 75 240 12 99.68 NA   
