2015 02 19 00:00 NA, , , 
2015 02 19 01:00 Mostly Cloudy, , , 
2015 02 19 02:00 NA, , , 
2015 02 19 03:00 NA, , , 
2015 02 19 04:00 Clear, , , 
2015 02 19 05:00 NA, , , 
2015 02 19 06:00 , , , 
2015 02 19 07:00 , , , 
2015 02 19 08:00 , , , 
2015 02 19 09:00 , , , 
2015 02 19 10:00 , , , 
2015 02 19 11:00 , , , 
2015 02 19 12:00 , , , 
2015 02 19 13:00 , , , 
2015 02 19 14:00 , , , 
2015 02 19 15:00 , , , 
2015 02 19 16:00 , , , 
2015 02 19 17:00 , , , 
2015 02 19 18:00 , , , 
2015 02 19 19:00 , , , 
2015 02 19 20:00 , , , 
2015 02 19 21:00 , , , 
2015 02 19 22:00 , , , 
2015 02 19 23:00 , , , 
