2015 02 16 00:00 NA, , , 
2015 02 16 01:00 Clear, , , 
2015 02 16 02:00 NA, , , 
2015 02 16 03:00 NA, , , 
2015 02 16 04:00 Clear, , , 
2015 02 16 05:00 NA, , , 
2015 02 16 06:00 NA, , , 
2015 02 16 07:00 Clear, , , 
2015 02 16 08:00 NA, , , 
2015 02 16 09:00 NA, , , 
2015 02 16 10:00 Mostly Cloudy, , , 
2015 02 16 11:00 NA, , , 
2015 02 16 12:00 NA, , , 
2015 02 16 13:00 Mainly Clear, , , 
2015 02 16 14:00 NA, , , 
2015 02 16 15:00 NA, , , 
2015 02 16 16:00 Mostly Cloudy, , , 
2015 02 16 17:00 NA, , , 
2015 02 16 18:00 NA, , , 
2015 02 16 19:00 Cloudy, , , 
2015 02 16 20:00 NA, , , 
2015 02 16 21:00 NA, , , 
2015 02 16 22:00 Mostly Cloudy, , , 
2015 02 16 23:00 NA, , , 
