"Year" "Month" "Day" "Total Rain (mm)" "Total Rain Flag" "Total Snow (cm)" "Total Snow Flag" "Total Precip (mm)" "Total Precip Flag"
2015 02 01 0.0 6.6 6.6
2015 02 02 0.0 6.2 5.6
2015 02 03 0.0 1.0 0.8
2015 02 04 0.0 0.8 0.8
2015 02 05 0.0 0.0 0.0
2015 02 06 0.6 0.0 0.6
2015 02 07 0.0 5.6 5.4
2015 02 08  M 3.0   M
2015 02 09 0.0  0.0 T 0.0 T
2015 02 10 0.0  0.0 T 0.0 T
2015 02 11 0.0  1.8  1.2 
2015 02 12 0.0  0.0  0.0 
2015 02 13 0.0  0.2  0.2 
2015 02 14 0.0  0.4  0.4 
2015 02 15 0.0  0.0  0.0 
2015 02 16 0.0  0.0  0.0 
2015 02 17 0.0 T 0.0  0.0 T
2015 02 18 0.0  2.2  1.4 
2015 02 19 0.0  0.0  0.0 
