Year   Month   Day   Total Prec(mm)
  15    2    1       1.86
  15    2    2      10.66
  15    2    3       0.05
  15    2    4       1.95
  15    2    5       0.00
  15    2    6       0.07
  15    2    7       3.33
  15    2    8       3.03
  15    2    9       0.23
  15    2   10       0.01
  15    2   11       1.48
  15    2   12       0.04
  15    2   13       0.28
  15    2   14       1.20
  15    2   15       0.06
  15    2   16       0.00
  15    2   17       0.07
  15    2   18       1.19
  15    2   19       0.00
  15    2   20       0.00
  15    2   21       2.94
