YR MM DD HH T2M(C) RH% WDIR WS(km/h) PRESS(KPa) TPREC(mm) SNOWAC PTYPE RAIN SNOW FRAIN CPREC ICEPL
15 JAN 31 05 -15.8205 78.4243 330.641 11.958 103.048 0 0 0 0 0 0 0 0
15 JAN 31 06 -16.3618 78.8794 325.23 9.50367 103.014 0 0 0 0 0 0 0 0
15 JAN 31 07 -16.6555 78.6359 317.185 8.15028 102.993 0 0 0 0 0 0 0 0
15 JAN 31 08 -16.657 77.7037 301.487 6.37396 102.977 0 0 0 0 0 0 0 0
15 JAN 31 09 -16.7532 77.9444 273.075 5.58804 102.933 0 0 0 0 0 0 0 0
15 JAN 31 10 -16.835 77.5379 254.174 5.59017 102.903 0 0 0 0 0 0 0 0
15 JAN 31 11 -16.8795 76.3701 247.494 5.89835 102.887 0 0 0 0 0 0 0 0
15 JAN 31 12 -16.851 74.8601 237.088 5.74981 102.853 0 0 0 0 0 0 0 0
15 JAN 31 13 -16.7614 79.0254 226.387 6.57962 102.823 0 0 0 0 0 0 0 0
15 JAN 31 14 -15.2596 80.9358 218.113 5.59352 102.793 0 0 0 0 0 0 0 0
15 JAN 31 15 -13.0918 80.0149 233.899 7.49368 102.799 0 0 0 0 0 0 0 0
15 JAN 31 16 -11.285 84.2286 220.683 10.5439 102.718 9.48739e-05 9.91542e-05 1 0 9.48739e-05 0 0 0
15 JAN 31 17 -9.80298 84.5709 213.824 15.525 102.578 8.36607e-06 1.33803e-05 0 0 8.36607e-06 0 0 0
15 JAN 31 18 -8.51312 83.4949 216.092 16.6719 102.468 0.000101125 3.53452e-05 1 0 0.000101125 0 0 0
15 JAN 31 19 -7.41592 82.9635 220.62 14.9227 102.423 3.07204e-05 0 0 0 3.07204e-05 0 0 0
15 JAN 31 20 -6.76831 84.3942 217.625 14.5098 102.35 0.000122248 9.95284e-05 1 0 0.000122248 0 0 0
15 JAN 31 21 -6.73917 86.877 214.94 14.0929 102.277 0.000310658 0.000297945 1 0 0.000310658 0 0 0
15 JAN 31 22 -7.88263 87.8534 215.54 11.8347 102.209 1.72836e-05 0 0 0 1.72836e-05 0 0 0
15 JAN 31 23 -9.12805 89.3211 223.721 11.833 102.179 9.37509e-06 6.76922e-05 1 0 9.37509e-06 0 0 0
15 FEB 01 00 -9.60114 89.7295 238.968 11.3419 102.158 0.000122397 0.000429537 1 0 0.000122397 0 0 0
15 FEB 01 01 -9.91592 89.5657 251.184 11.8448 102.113 0.000537907 0.000461 1 0 0.000537907 0 0 0
15 FEB 01 02 -9.71588 89.2699 258.259 12.9551 102.108 0.000770814 0.000812464 1 0 0.000770814 0 0 0
15 FEB 01 03 -8.36588 89.1245 260.836 13.9861 102.103 2.68073e-05 0.00053895 1 0 2.68073e-05 0 0 0
15 FEB 01 04 -9.6387 88.4372 262.995 13.5863 102.07 1.34843e-08 0 1 0 1.34843e-08 0 0 0
15 FEB 01 05 -8.74554 88.816 289.528 13.7189 102.089 0.00298218 0.00204362 1 0 0.00298218 0 0 0
