YR MM DD HH T2M(C) RH% WDIR WS(km/h) PRESS(KPa) TPREC(mm) SNOWAC PTYPE RAIN SNOW FRAIN CPREC ICEPL
15 FEB 14 05 -10.9716 87.5273 202.047 22.9734 99.0094 0.223427 0.224843 1 0 0.223427 0 0 0
15 FEB 14 06 -10.2303 87.7177 206.103 22.4346 98.8489 0.169199 0.173193 1 0 0.169199 0 0 0
15 FEB 14 07 -9.63599 87.9028 208.856 21.0033 98.6661 0.0831973 0.0870227 1 0 0.0831973 0 0 0
15 FEB 14 08 -9.04861 88.5618 211.99 19.3955 98.5196 0.054576 0.0535661 1 0 0.054576 0 0 0
15 FEB 14 09 -8.3949 88.9643 223.346 18.2572 98.4378 0.0623831 0.0626444 1 0 0.0623831 0 0 0
15 FEB 14 10 -7.90027 88.9926 231.643 17.841 98.3555 0.0956911 0.0952131 1 0 0.0956911 0 0 0
15 FEB 14 11 -8.09421 87.6426 236.978 16.0145 98.2748 0.0397291 0.0424582 1 0 0.0397291 0 0 0
15 FEB 14 12 -8.88504 86.9034 245.3 15.613 98.2551 0.00925267 0.00942228 1 0 0.00925267 0 0 0
15 FEB 14 13 -8.56662 86.9635 252.708 15.7375 98.2045 0.0170957 0.0175258 1 0 0.0170957 0 0 0
15 FEB 14 14 -7.85245 81.4487 261.98 18.4679 98.1686 0.00252826 0.00297286 0 0 0.00252826 0 0 0
15 FEB 14 15 -7.43719 79.837 292.454 19.9061 98.162 0.00340351 0.00259263 1 0 0.00340351 0 0 0
15 FEB 14 16 -8.71826 82.015 329.28 28.3701 98.1895 0.0947755 0.0892308 1 0 0.0947755 0 0 0
15 FEB 14 17 -10.305 73.8181 320.319 29.5931 98.222 0.0537593 0.0590925 1 0 0.0537593 0 0 0
15 FEB 14 18 -11.2639 72.8206 319.749 32.5162 98.2578 0.0260944 0.0256582 1 0 0.0260944 0 0 0
15 FEB 14 19 -13.2119 68.939 317.135 33.4146 98.2934 0.00466637 0.00612426 0 0 0.00466637 0 0 0
15 FEB 14 20 -13.876 68.9027 312.87 30.695 98.3351 0 0 0 0 0 0 0 0
15 FEB 14 21 -15.1408 72.3197 311.374 27.9396 98.3925 0 0 0 0 0 0 0 0
15 FEB 14 22 -15.4959 73.9118 302.035 22.3606 98.481 0 0 0 0 0 0 0 0
15 FEB 14 23 -15.4976 75.619 299.916 22.8699 98.5524 0.00353393 0.00300309 1 0 0.00353393 0 0 0
15 FEB 15 00 -15.6885 75.7816 314.991 35.742 98.6453 0.0261612 0.0245317 1 0 0.0261612 0 0 0
15 FEB 15 01 -16.147 77.1403 325.695 43.2649 98.7815 0.0738146 0.0722344 1 0 0.0738146 0 0 0
15 FEB 15 02 -17.7156 75.4311 329.706 45.7411 98.9288 0.0619266 0.0630648 1 0 0.0619266 0 0 0
15 FEB 15 03 -19.1378 74.4016 334.038 48.4819 99.0527 0.0472358 0.0475183 1 0 0.0472358 0 0 0
15 FEB 15 04 -20.3855 73.4942 337.825 50.341 99.1975 0.0469107 0.0471875 1 0 0.0469107 0 0 0
15 FEB 15 05 -21.8779 72.4536 338.799 50.9112 99.3578 0.0309038 0.0317899 1 0 0.0309038 0 0 0
