YR MM DD HH T2M(C) RH% WDIR WS(km/h) PRESS(KPa) TPREC(mm) SNOWAC PTYPE RAIN SNOW FRAIN CPREC ICEPL
15 JAN 28 05 -12.8753 78.1301 345.289 18.5911 102.267 0 0 0 0 0 0 0 0
15 JAN 28 06 -13.4355 77.9953 343.315 17.3099 102.302 0 0 0 0 0 0 0 0
15 JAN 28 07 -13.824 78.1479 337.443 17.1168 102.342 0 0 0 0 0 0 0 0
15 JAN 28 08 -14.1169 78.6379 332.516 17.4335 102.378 0 0 0 0 0 0 0 0
15 JAN 28 09 -14.3096 78.5131 330.915 17.5494 102.425 0 0 0 0 0 0 0 0
15 JAN 28 10 -14.4622 77.8739 330.077 17.0435 102.49 0 0 0 0 0 0 0 0
15 JAN 28 11 -14.6339 77.0636 328.381 15.8451 102.53 0 0 0 0 0 0 0 0
15 JAN 28 12 -14.8086 76.5854 326.515 14.1461 102.593 0 0 0 0 0 0 0 0
15 JAN 28 13 -14.8321 76.7946 326.926 12.7713 102.675 0 0 0 0 0 0 0 0
15 JAN 28 14 -13.2307 76.4594 329.71 13.4375 102.757 0 0 0 0 0 0 0 0
15 JAN 28 15 -11.2905 75.2632 333.316 14.2641 102.824 0 0 0 0 0 0 0 0
15 JAN 28 16 -9.46344 72.4 338.481 12.5193 102.81 0 0 0 0 0 0 0 0
15 JAN 28 17 -8.11423 70.5362 343.586 10.5279 102.787 0 0 0 0 0 0 0 0
15 JAN 28 18 -7.06546 72.9315 337.667 7.41711 102.79 0 0 0 0 0 0 0 0
15 JAN 28 19 -6.23831 71.1 305.605 5.02064 102.769 0 0 0 0 0 0 0 0
15 JAN 28 20 -5.88458 72.4124 245.661 3.83926 102.723 0 0 0 0 0 0 0 0
15 JAN 28 21 -5.92285 81.1168 186.817 4.4433 102.709 0 0 0 0 0 0 0 0
15 JAN 28 22 -6.92276 82.253 169.833 6.74121 102.698 0 0 0 0 0 0 0 0
15 JAN 28 23 -7.75122 85.789 180.471 8.66085 102.682 0 0 0 0 0 0 0 0
15 JAN 29 00 -8.18512 85.0488 190.194 8.56464 102.689 0 0 0 0 0 0 0 0
15 JAN 29 01 -8.62213 84.5201 196.872 8.24395 102.685 0 0 0 0 0 0 0 0
15 JAN 29 02 -8.97708 85.7457 202.927 8.17747 102.679 0 0 0 0 0 0 0 0
15 JAN 29 03 -9.23315 86.9618 204.646 8.18296 102.669 0 0 0 0 0 0 0 0
15 JAN 29 04 -9.1994 87.07 199.346 7.54791 102.607 0 0 0 0 0 0 0 0
15 JAN 29 05 -9.05911 88.0182 187.136 7.00287 102.544 0 0 0 0 0 0 0 0
YR MM DD HH T2M(C) RH% WDIR WS(km/h) PRESS(KPa) TPREC(mm) SNOWAC PTYPE RAIN SNOW FRAIN CPREC ICEPL
15 JAN 29 05 -8.65158 64.4917 193.264 7.02236 102.547 0 0 0 0 0 0 0 0
15 JAN 29 06 -8.80212 75.0935 192.42 7.8155 102.519 0 0 0 0 0 0 0 0
15 JAN 29 07 -8.77509 82.6734 193.556 7.63155 102.469 0 0 0 0 0 0 0 0
15 JAN 29 08 -8.5293 86.573 177.136 7.68633 102.388 0 0 0 0 0 0 0 0
15 JAN 29 09 -8.11969 88.9425 163.35 8.16136 102.308 0 0 0 0 0 0 0 0
15 JAN 29 10 -7.38925 89.9298 142.152 10.0691 102.189 0 0 0 0 0 0 0 0
15 JAN 29 11 -6.69217 88.2941 139.941 10.7693 102.091 0 0 0 0 0 0 0 0
15 JAN 29 12 -6.14594 86.731 130.157 13.2402 101.999 0 0 0 0 0 0 0 0
15 JAN 29 13 -5.69952 86.6971 125.419 18.4985 101.842 0 0 0 0 0 0 0 0
15 JAN 29 14 -4.87485 86.0079 130.305 18.9528 101.661 0 0 0 0 0 0 0 0
15 JAN 29 15 -3.99554 83.7385 131.192 19.215 101.491 0 0 0 0 0 0 0 0
15 JAN 29 16 -3.68173 83.5121 127.957 19.094 101.304 9.5889e-07 0 1 0 9.5889e-07 0 0 0
15 JAN 29 17 -2.78296 83.3628 143.088 18.0334 101.153 4.32806e-07 0 1 0 4.32806e-07 0 0 0
15 JAN 29 18 -2.24902 85.2469 152.742 18.4878 101.012 0.0408323 0.0262268 1 0 0.0408323 0 0 0
15 JAN 29 19 -2.33823 97.0388 154.279 16.8981 100.854 1.16421 1.09859 1 0 1.16421 0 0 0
15 JAN 29 20 -1.46341 97.7745 162.878 16.354 100.736 1.58087 1.59007 1 0 1.58087 0 0 0
15 JAN 29 21 -1.03412 98.8486 170.13 14.5701 100.654 1.15959 1.18679 1 0 1.15959 0 0 0
15 JAN 29 22 -0.957611 100.005 185.323 11.5753 100.595 0.646947 0.665247 1 0 0.646947 0 0 0
15 JAN 29 23 -1.19 100.005 208.715 9.5209 100.55 0.531076 0.529292 1 0 0.531076 0 0 0
15 JAN 30 00 -1.05664 100.005 251.727 10.5043 100.567 0.48376 0.47985 1 0 0.48376 0 0 0
15 JAN 30 01 -0.732544 98.1404 294.032 20.4578 100.648 0.731102 0.726439 1 0 0.731102 0 0 0
15 JAN 30 02 -1.96802 94.4179 304.337 22.2465 100.742 0.472241 0.485021 1 0 0.472241 0 0 0
15 JAN 30 03 -2.565 90.9019 303.126 21.5733 100.815 0.263547 0.282903 1 0 0.263547 0 0 0
15 JAN 30 04 -3.91626 85.078 301.78 23.4532 100.883 0.00742471 0.0111665 0 0 0.00742471 0 0 0
15 JAN 30 05 -4.55612 84.6272 305.574 24.1927 100.969 0 0 0 0 0 0 0 0
YR MM DD HH T2M(C) RH% WDIR WS(km/h) PRESS(KPa) TPREC(mm) SNOWAC PTYPE RAIN SNOW FRAIN CPREC ICEPL
15 JAN 30 05 -3.26181 88.7938 312.759 21.8794 101.119 0.0040772 0.00422456 1 0 0.0040772 0 0 0
15 JAN 30 06 -3.90161 87.9174 318.527 21.7466 101.189 0.0037912 0.00396696 1 0 0.0037912 0 0 0
15 JAN 30 07 -3.92902 87.7933 329.831 26.3258 101.277 0.00896261 0.00854053 1 0 0.00896261 0 0 0
15 JAN 30 08 -6.03281 85.556 333.049 31.1039 101.408 0.00417404 0.00457988 1 0 0.00417404 0 0 0
15 JAN 30 09 -9.08984 82.7278 331.462 33.5282 101.558 0.000966117 0.00105488 1 0 0.000966117 0 0 0
15 JAN 30 10 -11.4647 79.6681 328.69 35.8138 101.764 0.00106796 0.00115516 1 0 0.00106796 0 0 0
15 JAN 30 11 -13.0901 77.8505 329.033 37.419 101.934 0.000103546 7.07478e-05 1 0 0.000103546 0 0 0
15 JAN 30 12 -14.6083 76.7891 332.446 38.6065 102.081 0.000245566 0.000156167 1 0 0.000245566 0 0 0
15 JAN 30 13 -15.667 76.7581 334.888 38.1708 102.235 0.000644857 0.000605247 1 0 0.000644857 0 0 0
15 JAN 30 14 -16.0126 76.2354 334.562 39.6763 102.365 0.000775836 0.000754146 1 0 0.000775836 0 0 0
15 JAN 30 15 -16.4347 76.0696 335.279 39.8192 102.485 0.000662042 0.0006569 1 0 0.000662042 0 0 0
15 JAN 30 16 -16.3337 75.3386 336.043 38.4719 102.545 0.000232547 0.000482228 1 0 0.000232547 0 0 0
15 JAN 30 17 -15.8781 75.36 335.333 36.1323 102.597 9.99304e-05 0 1 0 9.99304e-05 0 0 0
15 JAN 30 18 -15.3963 74.9628 332.616 34.2865 102.658 1.33337e-06 0 0 0 1.33337e-06 0 0 0
15 JAN 30 19 -15.104 74.0005 329.189 32.8451 102.716 0 0 0 0 0 0 0 0
15 JAN 30 20 -15.0515 73.8672 327.219 30.7766 102.732 0 0 0 0 0 0 0 0
15 JAN 30 21 -15.3639 73.5078 324.403 29.3223 102.775 0 0 0 0 0 0 0 0
15 JAN 30 22 -16.0949 73.1498 320.861 26.3111 102.859 0 0 0 0 0 0 0 0
15 JAN 30 23 -17.0173 73.6487 317.553 23.2901 102.929 0 0 0 0 0 0 0 0
15 JAN 31 00 -17.5304 74.2658 317.41 21.5988 102.982 0 0 0 0 0 0 0 0
15 JAN 31 01 -17.8638 74.7494 317.585 19.4295 103.024 0 0 0 0 0 0 0 0
15 JAN 31 02 -18.0791 75.3394 319.401 16.4313 103.045 0 0 0 0 0 0 0 0
15 JAN 31 03 -18.3258 76.0764 321.78 13.1334 103.038 0 0 0 0 0 0 0 0
15 JAN 31 04 -18.6227 76.7077 316.951 10.4961 103.034 0 0 0 0 0 0 0 0
15 JAN 31 05 -18.85 77.2026 305.328 9.9207 103.038 0 0 0 0 0 0 0 0
YR MM DD HH T2M(C) RH% WDIR WS(km/h) PRESS(KPa) TPREC(mm) SNOWAC PTYPE RAIN SNOW FRAIN CPREC ICEPL
15 JAN 31 05 -15.8205 78.4243 330.641 11.958 103.048 0 0 0 0 0 0 0 0
15 JAN 31 06 -16.3618 78.8794 325.23 9.50367 103.014 0 0 0 0 0 0 0 0
15 JAN 31 07 -16.6555 78.6359 317.185 8.15028 102.993 0 0 0 0 0 0 0 0
15 JAN 31 08 -16.657 77.7037 301.487 6.37396 102.977 0 0 0 0 0 0 0 0
15 JAN 31 09 -16.7532 77.9444 273.075 5.58804 102.933 0 0 0 0 0 0 0 0
15 JAN 31 10 -16.835 77.5379 254.174 5.59017 102.903 0 0 0 0 0 0 0 0
15 JAN 31 11 -16.8795 76.3701 247.494 5.89835 102.887 0 0 0 0 0 0 0 0
15 JAN 31 12 -16.851 74.8601 237.088 5.74981 102.853 0 0 0 0 0 0 0 0
15 JAN 31 13 -16.7614 79.0254 226.387 6.57962 102.823 0 0 0 0 0 0 0 0
15 JAN 31 14 -15.2596 80.9358 218.113 5.59352 102.793 0 0 0 0 0 0 0 0
15 JAN 31 15 -13.0918 80.0149 233.899 7.49368 102.799 0 0 0 0 0 0 0 0
15 JAN 31 16 -11.285 84.2286 220.683 10.5439 102.718 9.48739e-05 9.91542e-05 1 0 9.48739e-05 0 0 0
15 JAN 31 17 -9.80298 84.5709 213.824 15.525 102.578 8.36607e-06 1.33803e-05 0 0 8.36607e-06 0 0 0
15 JAN 31 18 -8.51312 83.4949 216.092 16.6719 102.468 0.000101125 3.53452e-05 1 0 0.000101125 0 0 0
15 JAN 31 19 -7.41592 82.9635 220.62 14.9227 102.423 3.07204e-05 0 0 0 3.07204e-05 0 0 0
15 JAN 31 20 -6.76831 84.3942 217.625 14.5098 102.35 0.000122248 9.95284e-05 1 0 0.000122248 0 0 0
15 JAN 31 21 -6.73917 86.877 214.94 14.0929 102.277 0.000310658 0.000297945 1 0 0.000310658 0 0 0
15 JAN 31 22 -7.88263 87.8534 215.54 11.8347 102.209 1.72836e-05 0 0 0 1.72836e-05 0 0 0
15 JAN 31 23 -9.12805 89.3211 223.721 11.833 102.179 9.37509e-06 6.76922e-05 1 0 9.37509e-06 0 0 0
15 FEB 01 00 -9.60114 89.7295 238.968 11.3419 102.158 0.000122397 0.000429537 1 0 0.000122397 0 0 0
15 FEB 01 01 -9.91592 89.5657 251.184 11.8448 102.113 0.000537907 0.000461 1 0 0.000537907 0 0 0
15 FEB 01 02 -9.71588 89.2699 258.259 12.9551 102.108 0.000770814 0.000812464 1 0 0.000770814 0 0 0
15 FEB 01 03 -8.36588 89.1245 260.836 13.9861 102.103 2.68073e-05 0.00053895 1 0 2.68073e-05 0 0 0
15 FEB 01 04 -9.6387 88.4372 262.995 13.5863 102.07 1.34843e-08 0 1 0 1.34843e-08 0 0 0
15 FEB 01 05 -8.74554 88.816 289.528 13.7189 102.089 0.00298218 0.00204362 1 0 0.00298218 0 0 0
