YR MM DD HH T2M(C) RH% WDIR WS(km/h) PRESS(KPa) TPREC(mm) SNOWAC PTYPE RAIN SNOW FRAIN CPREC ICEPL
15 FEB 18 05 -16.0727 83.5393 237.904 9.94241 98.9061 0.000313674 0.000274944 1 0 0.000313674 0 0 0
15 FEB 18 06 -15.6549 85.5669 228.191 8.23086 98.8549 0.00132774 0.0011285 1 0 0.00132774 0 0 0
15 FEB 18 07 -14.5706 85.3699 215.006 5.93323 98.8347 0.00919111 0.00875563 1 0 0.00919111 0 0 0
15 FEB 18 08 -14.5616 87.5739 177.143 4.05568 98.7842 0.00455524 0.00514379 1 0 0.00455524 0 0 0
15 FEB 18 09 -15.0849 90.0022 161.591 3.69189 98.7288 0.00671516 0.00631133 1 0 0.00671516 0 0 0
15 FEB 18 10 -15.0068 89.9275 130.926 1.67417 98.6856 0.0114719 0.0112565 1 0 0.0114719 0 0 0
15 FEB 18 11 -14.5432 88.2498 40.7272 2.10733 98.6644 0.0274988 0.0253035 1 0 0.0274988 0 0 0
15 FEB 18 12 -14.0193 86.9078 3.18355 3.29163 98.6535 0.0936915 0.0903952 1 0 0.0936915 0 0 0
15 FEB 18 13 -13.1075 87.1804 332.812 3.65277 98.6693 0.117451 0.117403 1 0 0.117451 0 0 0
15 FEB 18 14 -10.9961 88.3067 288.455 4.10494 98.671 0.0999033 0.102454 1 0 0.0999033 0 0 0
15 FEB 18 15 -9.3483 84.8804 258.124 9.18859 98.6662 0.0517274 0.0536919 1 0 0.0517274 0 0 0
15 FEB 18 16 -9.00757 80.4964 254.391 14.8326 98.6613 0.0206074 0.0219203 1 0 0.0206074 0 0 0
15 FEB 18 17 -9.08051 76.5772 259.034 16.7207 98.6454 0.00122197 0.00169984 0 0 0.00122197 0 0 0
15 FEB 18 18 -8.8486 75.3663 262.758 16.0045 98.6316 0.00150891 0.00122559 1 0 0.00150891 0 0 0
15 FEB 18 19 -8.40781 75.5798 269.042 14.1266 98.6103 0.0108875 0.00945141 1 0 0.0108875 0 0.000327807 0
15 FEB 18 20 -8.38568 80.037 296.693 12.7363 98.6107 0.10235 0.0919446 1 0 0.10235 0 0.0283178 0
15 FEB 18 21 -8.88391 85.2604 339.588 17.077 98.6395 0.351844 0.345467 1 0 0.351844 0 0.119454 0
15 FEB 18 22 -9.89337 83.4398 347.666 20.0177 98.7182 0.224557 0.236562 1 0 0.224557 0 0.0487597 0
15 FEB 18 23 -11.035 79.3959 341.734 19.3141 98.8166 0.0558989 0.0615811 1 0 0.0558989 0 0 0
15 FEB 19 00 -12.5999 79.6062 330.57 17.4009 98.8965 0.000637184 0.000971045 0 0 0.000637184 0 0 0
15 FEB 19 01 -15.0294 75.8566 314.991 18.0593 98.973 0 0 0 0 0 0 0 0
15 FEB 19 02 -16.6771 76.206 309.121 19.7311 99.0377 0 0 0 0 0 0 0 0
15 FEB 19 03 -17.5333 77.9327 306.709 20.6934 99.1006 0 0 0 0 0 0 0 0
15 FEB 19 04 -18.0167 78.1848 303.225 21.2516 99.1106 0 0 0 0 0 0 0 0
15 FEB 19 05 -18.5945 78.1267 301.262 20.8529 99.1132 0 0 0 0 0 0 0 0
