YR MM DD HH T2M(C) RH% WDIR WS(km/h) PRESS(KPa) TPREC(mm) SNOWAC PTYPE RAIN SNOW FRAIN CPREC ICEPL
15 FEB 20 05 -22.789 69.2539 308.608 23.799 100.027 0 0 0 0 0 0 0 0
15 FEB 20 06 -23.0139 70.204 310.203 23.1844 100.057 0 0 0 0 0 0 0 0
15 FEB 20 07 -23.3265 70.2285 309.64 22.7465 100.086 0 0 0 0 0 0 0 0
15 FEB 20 08 -23.7346 70.082 307.265 21.9711 100.124 0 0 0 0 0 0 0 0
15 FEB 20 09 -24.1131 69.9827 305.473 21.7392 100.163 0 0 0 0 0 0 0 0
15 FEB 20 10 -24.4641 69.8616 303.066 20.4022 100.232 0 0 0 0 0 0 0 0
15 FEB 20 11 -24.7999 69.9962 299.081 18.0315 100.296 0 0 0 0 0 0 0 0
15 FEB 20 12 -25.19 70.4586 294.667 16.4749 100.37 0 0 0 0 0 0 0 0
15 FEB 20 13 -24.6865 71.2826 291.039 16.2777 100.459 0 0 0 0 0 0 0 0
15 FEB 20 14 -23.3421 71.3538 287.513 15.7358 100.523 0 0 0 0 0 0 0 0
15 FEB 20 15 -21.5867 70.1973 283.532 15.3947 100.579 0 0 0 0 0 0 0 0
15 FEB 20 16 -20.0845 68.6657 276.152 14.811 100.588 0 0 0 0 0 0 0 0
15 FEB 20 17 -19.0263 68.3116 264.668 15.131 100.572 0 0 0 0 0 0 0 0
15 FEB 20 18 -18.329 69.7003 251.119 16.3909 100.549 0 0 0 0 0 0 0 0
15 FEB 20 19 -17.9799 69.5857 240.903 18.2195 100.53 0 0 0 0 0 0 0 0
15 FEB 20 20 -17.8569 68.704 236.316 19.1786 100.511 0 0 0 0 0 0 0 0
15 FEB 20 21 -17.9041 68.6627 233.578 18.47 100.489 0 0 0 0 0 0 0 0
15 FEB 20 22 -18.4136 71.5233 227.531 15.4999 100.473 0 0 0 0 0 0 0 0
15 FEB 20 23 -20.7691 72.4605 211.591 12.3437 100.449 0 0 0 0 0 0 0 0
15 FEB 21 00 -21.3122 76.6851 200.787 10.3571 100.451 8.85946e-09 0 0 0 8.85946e-09 0 0 0
15 FEB 21 01 -19.9009 79.0617 192.91 10.7017 100.437 0 0 0 0 0 0 0 0
15 FEB 21 02 -18.8567 79.8062 187.342 11.5816 100.387 0 0 0 0 0 0 0 0
15 FEB 21 03 -18.3395 79.6939 178.564 11.4431 100.34 0 0 0 0 0 0 0 0
15 FEB 21 04 -17.9628 79.2187 165.188 11.4197 100.276 2.09185e-09 0 1 0 2.09185e-09 0 0 0
15 FEB 21 05 -17.5304 79.8492 153.196 12.0503 100.215 1.25876e-06 0 1 0 1.25876e-06 0 0 0
