YR MM DD HH T2M(C) RH% WDIR WS(km/h) PRESS(KPa) TPREC(mm) SNOWAC PTYPE RAIN SNOW FRAIN CPREC ICEPL
15 FEB 02 05 -14.5727 83.9405 45.7174 35.2334 99.0811 1.61987 1.60976 1 0 1.61987 0 0 0
15 FEB 02 06 -14.9978 83.6129 42.0498 34.4404 98.9353 1.55904 1.57529 1 0 1.55904 0 0 0
15 FEB 02 07 -15.3145 83.4093 41.0487 31.7183 98.8631 1.42973 1.42206 1 0 1.42973 0 0 0
15 FEB 02 08 -15.4758 83.4315 34.9223 32.511 98.7057 1.34176 1.36611 1 0 1.34176 0 0 0
15 FEB 02 09 -15.6666 83.1232 28.3573 32.2034 98.635 0.897966 0.910739 1 0 0.897966 0 0 0
15 FEB 02 10 -15.869 82.8435 21.3332 34.4229 98.5598 0.850915 0.847296 1 0 0.850915 0 0 0
15 FEB 02 11 -16.3625 81.9583 14.3715 36.3923 98.5197 0.820689 0.826801 1 0 0.820689 0 0 0
15 FEB 02 12 -16.5949 81.3684 10.4713 36.2861 98.5629 0.718828 0.722454 1 0 0.718828 0 0 0
15 FEB 02 13 -16.7775 80.6902 5.50365 36.7695 98.595 0.599378 0.609209 1 0 0.599378 0 0 0
15 FEB 02 14 -16.7423 79.5392 0.840134 37.7641 98.6583 0.355552 0.36772 1 0 0.355552 0 0 0
15 FEB 02 15 -16.2338 78.651 358.376 37.1637 98.7913 0.200056 0.203516 1 0 0.200056 0 0 0
15 FEB 02 16 -15.6229 79.0639 356.866 34.9725 98.8684 0.153136 0.155759 1 0 0.153136 0 0 0
15 FEB 02 17 -14.7522 78.5316 351.635 32.6099 98.9751 0.0863956 0.0900075 1 0 0.0863956 0 0 0
15 FEB 02 18 -14.3293 78.6377 347.404 30.9685 99.0712 0.0165088 0.0188454 1 0 0.0165088 0 0 0
15 FEB 02 19 -14.287 79.4364 343.599 29.6928 99.1415 0.00476146 0.00500202 1 0 0.00476146 0 0 0
15 FEB 02 20 -14.878 78.1152 337.975 27.9791 99.2193 0.000558218 0.000679907 1 0 0.000558218 0 0 0
15 FEB 02 21 -15.5693 77.9658 333.798 25.1911 99.3049 0 0 0 0 0 0 0 0
15 FEB 02 22 -17.02 76.423 327.093 20.0588 99.4177 0 0 0 0 0 0 0 0
15 FEB 02 23 -20.0168 72.9035 315.906 15.9252 99.5256 0 0 0 0 0 0 0 0
15 FEB 03 00 -21.3431 71.7297 313.908 16.8944 99.6195 0 0 0 0 0 0 0 0
15 FEB 03 01 -22.5946 70.1063 316.48 15.3532 99.6787 0 0 0 0 0 0 0 0
15 FEB 03 02 -23.5306 68.395 314.031 13.0846 99.7668 0 0 0 0 0 0 0 0
15 FEB 03 03 -23.9982 66.7743 302.891 12.4535 99.8512 0 0 0 0 0 0 0 0
15 FEB 03 04 -23.8349 63.4145 292.809 11.1908 99.8807 0 0 0 0 0 0 0 0
15 FEB 03 05 -24.0905 64.6865 276.949 10.771 99.9121 9.0369e-05 2.27782e-05 1 0 9.0369e-05 0 0 0
