YR MM DD HH T2M(C) RH% WDIR WS(km/h) PRESS(KPa) TPREC(mm) SNOWAC PTYPE RAIN SNOW FRAIN CPREC ICEPL
15 FEB 21 05 -15.9384 78.1303 183.902 12.5217 100.291 0 0 0 0 0 0 0 0
15 FEB 21 06 -15.0803 80.2123 180.14 12.5961 100.179 0 0 0 0 0 0 0 0
15 FEB 21 07 -14.4504 81.3532 181.939 12.7126 100.107 0 0 0 0 0 0 0 0
15 FEB 21 08 -14.0261 82.5442 181.238 12.4711 100.048 0 0 0 0 0 0 0 0
15 FEB 21 09 -13.4532 83.6006 179.689 11.8653 99.9995 0 0 0 0 0 0 0 0
15 FEB 21 10 -12.7556 84.1261 173.308 11.327 99.9017 0.00182618 0.00132241 1 0 0.00182618 0 0 0
15 FEB 21 11 -12.0644 84.9804 170.902 11.6838 99.8255 0.0336162 0.0320801 1 0 0.0336162 0 0 0
15 FEB 21 12 -11.46 86.8664 170.252 11.8896 99.7519 0.100405 0.0942022 1 0 0.100405 0 0 0
15 FEB 21 13 -10.5648 88.0117 170.302 12.5626 99.7121 0.146084 0.144899 1 0 0.146084 0 0 0
15 FEB 21 14 -9.59006 88.0843 169.199 12.7539 99.644 0.209767 0.208534 1 0 0.209767 0 0 0
15 FEB 21 15 -8.69641 88.2285 170.412 11.06 99.6532 0.221331 0.219116 1 0 0.221331 0 0 0
15 FEB 21 16 -7.99451 88.0686 164.785 9.44774 99.5871 0.274098 0.271785 1 0 0.274098 0 0 0
15 FEB 21 17 -7.36343 88.6929 145.793 8.51388 99.5076 0.327628 0.325654 1 0 0.327628 0 0 0
15 FEB 21 18 -6.69962 89.2515 136.34 8.97866 99.4449 0.333537 0.335511 1 0 0.333537 0 0 0
15 FEB 21 19 -6.17816 89.1786 135.852 8.28058 99.3864 0.264329 0.268016 1 0 0.264329 0 0 0
15 FEB 21 20 -5.81229 88.7258 139.632 6.78863 99.3582 0.189953 0.193972 1 0 0.189953 0 0 0
15 FEB 21 21 -5.69186 90.5281 139.315 4.41612 99.3399 0.168977 0.16417 1 0 0.168977 0 0 0
15 FEB 21 22 -5.63504 92.5266 112.806 3.75314 99.3273 0.266898 0.268188 1 0 0.266898 0 0 0
15 FEB 21 23 -6.23126 94.0502 80.6538 3.91283 99.3487 0.163313 0.167179 1 0 0.163313 0 0 0
15 FEB 22 00 -6.33072 94.3004 85.1821 3.65862 99.4234 0.128764 0.129839 1 0 0.128764 0 0 0
15 FEB 22 01 -6.46774 94.284 47.6437 2.78299 99.4641 0.0791728 0.083819 1 0 0.0791728 0 0 0
15 FEB 22 02 -7.25647 97.5205 348.088 5.24901 99.5172 0.00717062 0.00831216 1 0 0.00717062 0 0 0
15 FEB 22 03 -7.94839 97.4396 343.763 8.32285 99.5697 0.00903337 0.00863599 1 0 0.00903337 0 0 0
15 FEB 22 04 -8.84598 93.9455 349.213 10.3656 99.6066 0.0129907 0.0131576 1 0 0.0129907 0 0 0
15 FEB 22 05 -11.3452 89.4327 341.315 11.9585 99.659 0.0030001 0.00347771 1 0 0.0030001 0 0 0
