YR MM DD HH T2M(C) RH% WDIR WS(km/h) PRESS(KPa) TPREC(mm) SNOWAC PTYPE RAIN SNOW FRAIN CPREC ICEPL
15 FEB 15 05 -21.8079 72.1718 338.483 51.552 99.4495 0.0340772 0.0345564 1 0 0.0340772 0 0 0
15 FEB 15 06 -23.3615 71.2641 336.15 50.5195 99.5273 0.0163945 0.0173692 1 0 0.0163945 0 0 0
15 FEB 15 07 -24.3768 70.2334 335.69 49.0737 99.6216 0.00260633 0.00293256 1 0 0.00260633 0 0 0
15 FEB 15 08 -25.2183 70.6248 336.337 46.4566 99.759 0.000912384 0.000889418 1 0 0.000912384 0 0 0
15 FEB 15 09 -26.0274 70.5336 338.327 44.4724 99.8961 0.000996692 0.00098885 1 0 0.000996692 0 0 0
15 FEB 15 10 -26.8916 69.8035 339.921 43.196 100.063 0.000971029 0.000983853 1 0 0.000971029 0 0 0
15 FEB 15 11 -27.6366 69.2386 339.045 41.5164 100.212 0.000668417 0.000684157 1 0 0.000668417 0 0 0
15 FEB 15 12 -27.9726 69.718 337.483 39.8052 100.345 0.000236282 0.000173196 1 0 0.000236282 0 0 0
15 FEB 15 13 -27.8811 69.544 337.097 37.2644 100.456 9.0766e-05 0 1 0 9.0766e-05 0 0 0
15 FEB 15 14 -27.287 70.2155 337.983 36.0563 100.556 8.77529e-05 0 1 0 8.77529e-05 0 0 0
15 FEB 15 15 -26.632 70.424 337.293 34.4241 100.664 0.000169215 0.000147733 1 0 0.000169215 0 0 0
15 FEB 15 16 -25.8955 70.8213 334.931 33.1321 100.702 0.000260896 0.000369798 1 0 0.000260896 0 0 0
15 FEB 15 17 -25.0509 71.0307 333.381 32.2542 100.698 0.000286569 0.000444121 1 0 0.000286569 0 0 0
15 FEB 15 18 -24.1653 71.0141 331.452 31.7202 100.704 0.00016226 0.000275028 1 0 0.00016226 0 0 0
15 FEB 15 19 -23.4034 70.8742 329.242 31.5661 100.7 0.000120106 0.000148094 1 0 0.000120106 0 0 0
15 FEB 15 20 -22.9575 70.7136 327.932 31.1301 100.692 2.73662e-05 0 1 0 2.73662e-05 0 0 0
15 FEB 15 21 -22.966 70.0897 325.523 30.4152 100.69 1.06417e-06 0 1 0 1.06417e-06 0 0 0
15 FEB 15 22 -23.4278 69.7681 323.531 28.6541 100.711 1.00095e-08 0 1 0 1.00095e-08 0 0 0
15 FEB 15 23 -24.4404 69.7173 321.402 26.9214 100.721 8.30133e-10 0 0 0 8.30133e-10 0 0 0
15 FEB 16 00 -24.9349 69.9044 323.381 26.9658 100.725 0 0 0 0 0 0 0 0
15 FEB 16 01 -25.1042 70.1693 325.957 26.4459 100.724 0 0 0 0 0 0 0 0
15 FEB 16 02 -24.9804 70.5591 325.225 25.882 100.736 6.81137e-10 0 1 0 6.81137e-10 0 0 0
15 FEB 16 03 -24.7001 70.8409 326.814 25.506 100.775 4.49221e-11 0 0 0 4.49221e-11 0 0 0
15 FEB 16 04 -24.5173 71.5976 327.597 23.9777 100.72 9.41864e-10 0 1 0 9.41864e-10 0 0 0
15 FEB 16 05 -24.4005 72.3504 326.475 21.0338 100.691 8.05618e-09 0 1 0 8.05618e-09 0 0 0
