YR MM DD HH T2M(C) RH% WDIR WS(km/h) PRESS(KPa) TPREC(mm) SNOWAC PTYPE RAIN SNOW FRAIN CPREC ICEPL
15 FEB 12 05 -5.74469 94.2016 254.334 12.5441 98.6699 0.0013579 0.00196778 0 0 0.0013579 0 0 0
15 FEB 12 06 -4.05981 90.6362 304.412 19.393 98.7328 0.00510465 0.0050545 1 0 0.00510465 0 0 0
15 FEB 12 07 -6.50308 79.9944 317.391 17.7197 98.7421 0 8.49881e-05 0 0 0 0 0 0
15 FEB 12 08 -6.85086 82.9406 313.156 19.6533 98.7675 0 0 0 0 0 0 0 0
15 FEB 12 09 -9.25293 80.214 307.038 18.0783 98.7874 0 0 0 0 0 0 0 0
15 FEB 12 10 -10.8141 80.6744 293.999 16.428 98.8063 0 0 0 0 0 0 0 0
15 FEB 12 11 -10.7562 79.9254 291.773 19.4406 98.8376 0 0 0 0 0 0 0 0
15 FEB 12 12 -11.0995 80.1713 311.78 24.67 98.9144 0 0 0 0 0 0 0 0
15 FEB 12 13 -13.5855 77.1973 325.188 34.7544 99.0248 0.000197715 0.000134721 1 0 0.000197715 0 0 0
15 FEB 12 14 -14.8125 76.7437 330.47 38.1784 99.1358 0.00124255 0.00110956 1 0 0.00124255 0 0 0
15 FEB 12 15 -15.8161 75.9562 332.844 37.9733 99.2561 0.00700154 0.00638228 1 0 0.00700154 0 0 0
15 FEB 12 16 -16.6946 75.4934 333.48 36.4121 99.3497 0.0109128 0.0114732 1 0 0.0109128 0 0 0
15 FEB 12 17 -17.2286 75.4041 332.126 35.8699 99.4418 0.00615268 0.00610283 1 0 0.00615268 0 0 0
15 FEB 12 18 -17.5968 74.8958 330.145 35.4574 99.5329 0.00263948 0.0029245 1 0 0.00263948 0 0 0
15 FEB 12 19 -18.0753 74.474 327.896 34.7533 99.608 0.00116517 0.00123951 1 0 0.00116517 0 0 0
15 FEB 12 20 -18.6105 73.9757 325.128 34.8146 99.7004 0.000888094 0.00088276 1 0 0.000888094 0 0 0
15 FEB 12 21 -19.1678 73.3921 323.198 34.7077 99.8085 0.000725062 0.00073105 1 0 0.000725062 0 0 0
15 FEB 12 22 -19.7557 73.0471 323.6 33.8244 99.8794 0.000450985 0.000484245 1 0 0.000450985 0 0 0
15 FEB 12 23 -20.4078 72.9423 325.046 32.5932 99.9513 0.000335474 0.000340212 1 0 0.000335474 0 0 0
15 FEB 13 00 -20.6482 73.3457 326.086 32.4109 100.041 0.000307366 0.000304684 1 0 0.000307366 0 0 0
15 FEB 13 01 -20.8417 73.6349 326.105 30.6071 100.117 0.000213744 0.000150348 1 0 0.000213744 0 0 0
15 FEB 13 02 -21.0642 74.0218 326.288 28.3593 100.167 0.000273095 0.000245429 1 0 0.000273095 0 0 0
15 FEB 13 03 -21.3546 74.3474 327.01 26.8936 100.208 0.000364219 0.000360739 1 0 0.000364219 0 0 0
15 FEB 13 04 -21.7578 74.0126 327.776 24.0373 100.235 0.000273791 0.000268168 1 0 0.000273791 0 0 0
15 FEB 13 05 -22.2612 73.1632 327.32 22.209 100.255 3.21138e-05 4.62423e-05 1 0 3.21138e-05 0 0 0
