YR MM DD HH T2M(C) RH% WDIR WS(km/h) PRESS(KPa) TPREC(mm) SNOWAC PTYPE RAIN SNOW FRAIN CPREC ICEPL
15 FEB 09 05 -12.5952 82.3248 54.4255 21.8597 99.5675 0.0677075 0.0673697 1 0 0.0677075 0 0 0
15 FEB 09 06 -12.719 81.6895 51.319 22.1322 99.5801 0.0193171 0.0218937 1 0 0.0193171 0 0 0
15 FEB 09 07 -12.9705 81.7732 45.1345 21.5206 99.5855 0.0069911 0.00684292 1 0 0.0069911 0 0 0
15 FEB 09 08 -13.3839 81.5464 37.1913 21.0167 99.5887 0.00624913 0.00634906 1 0 0.00624913 0 0 0
15 FEB 09 09 -14.6294 81.3013 29.1144 20.5367 99.6042 0.00478513 0.00482897 1 0 0.00478513 0 0 0
15 FEB 09 10 -15.4933 80.6264 25.4244 21.834 99.6529 0.00479149 0.00476742 1 0 0.00479149 0 0 0
15 FEB 09 11 -16.0655 80.1787 23.5188 22.1863 99.682 0.00492411 0.00491958 1 0 0.00492411 0 0 0
15 FEB 09 12 -16.464 80.203 22.0711 21.6974 99.7136 0.00555681 0.00551846 1 0 0.00555681 0 0 0
15 FEB 09 13 -16.6303 80.1735 19.0398 21.8849 99.7815 0.00577366 0.00577766 1 0 0.00577366 0 0 0
15 FEB 09 14 -16.1452 80.2014 18.9518 22.2664 99.8549 0.00648164 0.00639603 1 0 0.00648164 0 0 0
15 FEB 09 15 -15.4479 80.7097 21.2965 20.8245 99.9024 0.00811696 0.00807407 1 0 0.00811696 0 0 0
15 FEB 09 16 -14.5793 81.2177 21.4498 19.7213 99.9055 0.00826305 0.00827293 1 0 0.00826305 0 0 0
15 FEB 09 17 -13.7525 81.9029 19.6417 18.8292 99.8953 0.0077655 0.00780144 1 0 0.0077655 0 0 0
15 FEB 09 18 -13.0349 82.549 18.9778 17.8771 99.8866 0.00698457 0.00702359 1 0 0.00698457 0 0 0
15 FEB 09 19 -12.4937 83.0331 18.0908 17.421 99.8846 0.00671375 0.00669601 1 0 0.00671375 0 0 0
15 FEB 09 20 -12.1371 83.6083 15.453 17.124 99.8849 0.00723357 0.00721214 1 0 0.00723357 0 0 0
15 FEB 09 21 -12.123 83.963 12.9348 17.3443 99.8835 0.00753499 0.00752956 1 0 0.00753499 0 0 0
15 FEB 09 22 -12.6542 84.0998 10.5672 16.2278 99.9164 0.0071418 0.00718835 1 0 0.0071418 0 0 0
15 FEB 09 23 -13.9797 83.8719 8.80406 14.6635 99.9649 0.00601678 0.00606972 1 0 0.00601678 0 0 0
15 FEB 10 00 -14.584 84.1205 7.39221 14.2245 100.004 0.00535798 0.00535775 1 0 0.00535798 0 0 0
15 FEB 10 01 -14.703 84.3812 3.02919 13.4663 100.052 0.00634785 0.00624922 1 0 0.00634785 0 0 0
15 FEB 10 02 -14.6104 84.5924 359.525 12.6719 100.094 0.0083238 0.00827354 1 0 0.0083238 0 0 0
15 FEB 10 03 -14.6699 84.9126 0.200211 12.424 100.124 0.0075822 0.00768396 1 0 0.0075822 0 0 0
15 FEB 10 04 -15.0847 84.8394 0.790482 12.0684 100.13 0.0056596 0.00572245 1 0 0.0056596 0 0 0
15 FEB 10 05 -15.1512 84.9765 358.942 11.448 100.145 0.00453728 0.00461746 1 0 0.00453728 0 0 0
