YR MM DD HH T2M(C) RH% WDIR WS(km/h) PRESS(KPa) TPREC(mm) SNOWAC PTYPE RAIN SNOW FRAIN CPREC ICEPL
15 FEB 11 05 -9.53226 92.2943 48.3747 7.1651 100.168 2.67539e-05 0 1 0 2.67539e-05 0 0 0
15 FEB 11 06 -9.44052 92.7378 65.8811 6.99669 100.089 0.00026891 0.000247656 1 0 0.00026891 0 0 0
15 FEB 11 07 -9.41525 92.5835 82.7215 6.72615 100.043 0.000347234 0.000319392 1 0 0.000347234 0 0 0
15 FEB 11 08 -9.27753 91.8662 93.4771 6.83911 100.016 0.00200919 0.00184266 1 0 0.00200919 0 0 0
15 FEB 11 09 -9.21722 90.3286 96.0783 9.13895 99.9752 0.00363671 0.00348102 1 0 0.00363671 0 0 0
15 FEB 11 10 -9.3577 88.3185 102.007 11.049 99.9201 0.0047916 0.00489367 1 0 0.0047916 0 0 0
15 FEB 11 11 -9.31406 88.2285 109.676 12.5756 99.8672 0.00829172 0.00768539 1 0 0.00829172 0 0 0
15 FEB 11 12 -8.98532 90.6222 112.622 13.5697 99.8207 0.0129434 0.0133292 1 0 0.0129434 0 0 0
15 FEB 11 13 -9.03079 91.9141 108.922 13.4322 99.7554 0.00601595 0.00622973 1 0 0.00601595 0 0 0
15 FEB 11 14 -7.95972 92.4499 112.653 15.2505 99.6863 0.00409713 0.00403837 1 0 0.00409713 0 0 0
15 FEB 11 15 -6.76642 92.1355 125.584 16.415 99.6134 0.00773704 0.00758407 1 0 0.00773704 0 0 0
15 FEB 11 16 -6.22339 90.7871 135.421 17.3937 99.4906 0.00586405 0.00609208 1 0 0.00586405 0 0 0
15 FEB 11 17 -5.69437 89.8726 145.014 15.6428 99.3938 0.00322363 0.00324653 1 0 0.00322363 0 0 0
15 FEB 11 18 -5.3259 89.7933 151.72 15.05 99.2807 0.00305353 0.00304064 1 0 0.00305353 0 0 0
15 FEB 11 19 -4.94073 90.2645 161.911 14.5442 99.1732 0.00440662 0.00424974 1 0 0.00440662 0 0 0
15 FEB 11 20 -4.23053 91.8938 163.963 12.979 99.0743 0.0313016 0.0226145 1 0 0.0313016 0 0 0
15 FEB 11 21 -3.54025 94.7894 157.502 12.2594 98.9576 0.463908 0.452956 1 0 0.463908 0 0 0
15 FEB 11 22 -2.95212 95.9155 173.494 11.4913 98.8937 0.382325 0.383784 1 0 0.382325 0 0 0
15 FEB 11 23 -2.76746 97.3007 199.833 10.3857 98.8517 0.355865 0.359509 1 0 0.355865 0 0 0
15 FEB 12 00 -2.48453 96.5186 224.874 11.8031 98.8413 0.14598 0.157539 1 0 0.14598 0 0 0
15 FEB 12 01 -2.9035 94.8861 240.944 11.1648 98.7826 0.0289708 0.0319906 1 0 0.0289708 0 0 0
15 FEB 12 02 -3.25421 94.2388 256.956 10.7024 98.7317 0.00878684 0.00904943 1 0 0.00878684 0 0 0
15 FEB 12 03 -4.77075 92.4219 275.398 12.9065 98.7293 8.98296e-06 4.17827e-05 0 0 8.98296e-06 0 0 0
15 FEB 12 04 -5.93738 89.9408 288.219 12.755 98.702 0 0 0 0 0 0 0 0
15 FEB 12 05 -4.33246 91.134 285.847 10.4451 98.6978 0 0 0 0 0 0 0 0
