YR MM DD HH T2M(C) RH% WDIR WS(km/h) PRESS(KPa) TPREC(mm) SNOWAC PTYPE RAIN SNOW FRAIN CPREC ICEPL
15 FEB 01 05 -8.36069 88.8619 280.822 12.417 102.224 0 0 0 0 0 0 0 0
15 FEB 01 06 -8.25333 88.6883 288.258 11.2115 102.238 0 0 0 0 0 0 0 0
15 FEB 01 07 -7.43594 90.1736 336.388 10.8246 102.273 0.00898156 0.00809878 1 0 0.00898156 0 0 0
15 FEB 01 08 -7.70825 87.7954 347.414 15.6028 102.332 0.00909186 0.00987732 1 0 0.00909186 0 0 0
15 FEB 01 09 -8.74942 86.5455 342.021 18.9222 102.418 0.000329155 0.000972112 1 0 0.000329155 0 0 0
15 FEB 01 10 -9.60739 86.1086 350.183 22.8411 102.504 0.0020172 0.0017928 1 0 0.0020172 0 0 0
15 FEB 01 11 -10.8947 84.585 357.339 24.4896 102.594 0.00418661 0.00428515 1 0 0.00418661 0 0 0
15 FEB 01 12 -12.2169 81.9346 1.55588 23.9223 102.661 0.00120781 0.00131849 1 0 0.00120781 0 0 0
15 FEB 01 13 -13.0314 80.6979 6.883 23.5192 102.693 5.61704e-05 4.7206e-05 1 0 5.61704e-05 0 0 0
15 FEB 01 14 -13.2875 79.9271 10.8408 23.1598 102.739 1.52174e-06 0 1 0 1.52174e-06 0 0 0
15 FEB 01 15 -13.2585 79.8761 16.3268 21.6907 102.783 0.000149051 0.000233288 1 0 0.000149051 0 0 0
15 FEB 01 16 -12.9315 81.1122 24.4294 19.8308 102.749 0.000706728 0.000676964 1 0 0.000706728 0 0 0
15 FEB 01 17 -12.3867 81.1867 37.7605 18.147 102.688 0.000669112 0.000589338 1 0 0.000669112 0 0 0
15 FEB 01 18 -11.8225 81.7699 50.5217 17.7853 102.626 0.00233758 0.00225256 1 0 0.00233758 0 0 0
15 FEB 01 19 -11.4799 80.7753 62.2534 18.4244 102.546 0.00346497 0.003437 1 0 0.00346497 0 0 0
15 FEB 01 20 -11.4732 81.0112 68.1703 20.0752 102.459 0.00333584 0.00338164 1 0 0.00333584 0 0 0
15 FEB 01 21 -11.9022 80.2944 68.2961 20.9919 102.392 0.00184199 0.00191587 1 0 0.00184199 0 0 0
15 FEB 01 22 -12.4995 80.1545 71.0696 21.0382 102.33 0.00140426 0.00131991 1 0 0.00140426 0 0 0
15 FEB 01 23 -13.0858 81.67 72.9847 21.5476 102.259 0.0101597 0.0094175 1 0 0.0101597 0 0 0
15 FEB 02 00 -13.5446 81.378 69.7104 22.6375 102.201 0.03794 0.0348343 1 0 0.03794 0 0 0
15 FEB 02 01 -13.9846 82.0409 65.5596 24.1761 102.113 0.178235 0.169429 1 0 0.178235 0 0 0
15 FEB 02 02 -14.4655 81.9005 64.204 25.4126 102.039 0.311652 0.306136 1 0 0.311652 0 0 0
15 FEB 02 03 -15.0375 82.8707 59.2163 26.5737 101.966 0.533591 0.516434 1 0 0.533591 0 0 0
15 FEB 02 04 -15.4459 83.1861 54.9148 28.2225 101.821 0.752991 0.752823 1 0 0.752991 0 0 0
15 FEB 02 05 -15.7397 82.7564 50.4579 29.2681 101.68 0.628515 0.634038 1 0 0.628515 0 0 0
