YR MM DD HH T2M(C) RH% WDIR WS(km/h) PRESS(KPa) TPREC(mm) SNOWAC PTYPE RAIN SNOW FRAIN CPREC ICEPL
15 FEB 03 05 -17.8833 72.4666 273.922 9.77551 99.8268 0 0 0 0 0 0 0 0
15 FEB 03 06 -18.0553 74.0313 258.15 9.51179 99.8121 0 0 0 0 0 0 0 0
15 FEB 03 07 -18.1895 77.9671 251.974 9.39295 99.8065 0.000296121 0.000234762 1 0 0.000296121 0 0 0
15 FEB 03 08 -18.5159 80.7528 254.786 9.88636 99.7939 0.000328034 0.00036381 1 0 0.000328034 0 0 0
15 FEB 03 09 -18.472 80.6309 258.106 11.2053 99.8274 1.96784e-07 0 0 0 1.96784e-07 0 0 0
15 FEB 03 10 -17.7034 79.7905 256.661 10.6264 99.871 0 0 0 0 0 0 0 0
15 FEB 03 11 -16.7987 80.0498 249.022 10.586 99.8666 0 0 0 0 0 0 0 0
15 FEB 03 12 -16.748 81.7036 233.447 9.95574 99.8367 0 0 0 0 0 0 0 0
15 FEB 03 13 -16.5466 81.1033 232.768 13.2579 99.8427 0 0 0 0 0 0 0 0
15 FEB 03 14 -14.7465 82.5369 241.05 15.3304 99.889 0 0 0 0 0 0 0 0
15 FEB 03 15 -12.4328 85.1631 237.951 17.4134 99.8932 9.327e-06 0 1 0 9.327e-06 0 0 0
15 FEB 03 16 -11.4059 85.674 238.028 20.3049 99.8672 0.000116839 7.64433e-05 1 0 0.000116839 0 0 0
15 FEB 03 17 -10.7101 85.6872 237.634 21.1121 99.8589 2.95409e-05 0 1 0 2.95409e-05 0 0 0
15 FEB 03 18 -9.7229 85.915 234.976 22.1009 99.9048 1.48059e-05 0 1 0 1.48059e-05 0 0 0
15 FEB 03 19 -9.09439 85.8445 231.494 23.2703 99.9093 0.000103579 0.000300736 1 0 0.000103579 0 0 0
15 FEB 03 20 -8.90216 86.1094 231.263 23.8695 99.8752 0.000448812 0.00081644 1 0 0.000448812 0 0 0
15 FEB 03 21 -9.2428 85.7875 231.188 22.8628 99.8502 0.00076843 0.000762565 1 0 0.00076843 0 0 0
15 FEB 03 22 -10.164 85.972 228.571 19.9049 99.8501 0.000673199 0.000670562 1 0 0.000673199 0 0 0
15 FEB 03 23 -11.6667 86.1626 227.257 17.4871 99.8351 0.00157179 0.00148129 1 0 0.00157179 0 0 0
15 FEB 04 00 -12.2038 85.8765 236.123 16.9247 99.86 0.00308158 0.00308631 1 0 0.00308158 0 0 0
15 FEB 04 01 -12.4927 85.9961 243.044 15.0654 99.8573 0.0018445 0.00187275 1 0 0.0018445 0 0 0
15 FEB 04 02 -10.7687 86.8205 243.697 15.3771 99.8412 0.0014569 0.00150737 1 0 0.0014569 0 0 0
15 FEB 04 03 -9.80292 87.4283 237.791 13.4996 99.8085 0.0023305 0.00193322 1 0 0.0023305 0 0 0
15 FEB 04 04 -9.4205 89.0119 228.573 9.91179 99.7331 0.0324499 0.0294771 1 0 0.0324499 0 0 0
15 FEB 04 05 -9.10559 90.6864 212.424 6.41228 99.6546 0.15632 0.148909 1 0 0.15632 0 0 0
