YR MM DD HH T2M(C) RH% WDIR WS(km/h) PRESS(KPa) TPREC(mm) SNOWAC PTYPE RAIN SNOW FRAIN CPREC ICEPL
15 FEB 08 05 -9.29291 88.8125 76.0363 24.9224 99.2446 0.470683 0.469088 1 0 0.470683 0 0 0
15 FEB 08 06 -10.1271 88.0735 78.7767 25.7675 99.2313 0.382725 0.391102 1 0 0.382725 0 0 0
15 FEB 08 07 -10.9991 87.1453 82.8679 27.1891 99.181 0.207154 0.215179 1 0 0.207154 0 0 0
15 FEB 08 08 -11.5855 86.8437 81.2991 26.6593 99.1198 0.0647904 0.0698076 1 0 0.0647904 0 0 0
15 FEB 08 09 -11.8708 86.6848 75.7818 25.0506 99.0878 0.0173994 0.0183114 1 0 0.0173994 0 0 0
15 FEB 08 10 -12.1243 86.4094 73.1329 23.3266 99.0722 0.0114382 0.0114952 1 0 0.0114382 0 0 0
15 FEB 08 11 -12.3356 86.0402 72.1646 23.1156 99.0398 0.0136809 0.0133927 1.76117 0 0.0136809 0 0 0.0152248
15 FEB 08 12 -12.5443 85.831 69.8271 23.4651 99.0105 0.0247866 0.020443 2 0 0.0247866 0 0 0.0247866
15 FEB 08 13 -12.6122 85.5321 66.9003 23.4076 99.0132 0.0272108 0.0175155 2 0 0.0272108 0 0 0.0272108
15 FEB 08 14 -12.5822 85.2278 67.9166 23.4393 99.0108 0.0173792 0.0163006 2 0 0.0173792 0 0 0.0173792
15 FEB 08 15 -12.4505 85.5975 64.263 21.809 99.0435 0.0387243 0.0212869 2 0 0.0387243 0 0 0.0387243
15 FEB 08 16 -12.1523 86.4356 58.5024 21.0589 99.055 0.15998 0 2 0 0.15998 0 0 0.15998
15 FEB 08 17 -11.8959 86.8799 53.1124 21.5472 99.0412 0.190753 0 2 0 0.190753 0 0 0.190753
15 FEB 08 18 -11.7679 86.5812 48.7609 21.2342 99.056 0.194875 0.0102396 2 0 0.194875 0 0 0.194875
15 FEB 08 19 -11.8442 86.2075 49.2457 21.748 99.0525 0.326594 0.0174278 2 0 0.326594 0 0 0.326594
15 FEB 08 20 -12.0594 85.4608 50.1753 22.51 99.0468 0.0951771 0.0453614 2 0 0.0951771 0 0 0.0951771
15 FEB 08 21 -12.3727 84.8256 47.9694 22.6639 99.0657 0.118507 0 2 0 0.118507 0 0 0.118507
15 FEB 08 22 -12.6707 84.4358 44.8996 21.0811 99.1326 0.153358 0 2 0 0.153358 0 0 0.153358
15 FEB 08 23 -13.0083 84.2019 40.54 21.8837 99.1699 0.154209 0.0588765 2 0 0.154209 0 0 0.154209
15 FEB 09 00 -13.1519 83.734 39.4137 23.0726 99.2016 0.0931588 0.084223 1.17701 0 0.0931588 0 0 0.0651759
15 FEB 09 01 -13.1996 83.0397 38.587 22.9154 99.2699 0.0531361 0.0488895 1 0 0.0531361 0 0 0
15 FEB 09 02 -13.2367 82.708 38.6967 21.8762 99.3364 0.063623 0.047645 1 0 0.063623 0 0 0
15 FEB 09 03 -13.3183 82.7632 38.779 21.7581 99.3626 0.0761947 0.060891 1 0 0.0761947 0 0 0
15 FEB 09 04 -13.4487 83.0384 36.3495 22.3286 99.3425 0.0711571 0.0152845 1 0 0.0711571 0 0 0
15 FEB 09 05 -13.5011 82.7353 34.9207 22.6038 99.338 0.0520497 0.0524225 1 0 0.0520497 0 0 0
