YR MM DD HH T2M(C) RH% WDIR WS(km/h) PRESS(KPa) TPREC(mm) SNOWAC PTYPE RAIN SNOW FRAIN CPREC ICEPL
15 FEB 13 05 -19.174 72.8296 334.066 22.6931 100.272 0 0 0 0 0 0 0 0
15 FEB 13 06 -19.8945 72.8048 335.191 21.6034 100.307 0 0 0 0 0 0 0 0
15 FEB 13 07 -20.6807 73.2356 332.762 18.6987 100.321 0 0 0 0 0 0 0 0
15 FEB 13 08 -21.4752 73.2032 329.279 15.6384 100.354 0 0 0 0 0 0 0 0
15 FEB 13 09 -22.2996 73.1405 330.308 12.8101 100.356 0 0 0 0 0 0 0 0
15 FEB 13 10 -22.9852 72.9871 324.94 10.7119 100.351 0 0 0 0 0 0 0 0
15 FEB 13 11 -23.3451 72.247 305.44 8.9422 100.365 0 0 0 0 0 0 0 0
15 FEB 13 12 -23.6404 71.9655 284.56 8.10946 100.406 4.32923e-05 2.7487e-05 0 0 4.32923e-05 0 0 0
15 FEB 13 13 -23.2688 74.9914 275.333 6.96445 100.456 0 0 0 0 0 0 0 0
15 FEB 13 14 -22.2272 75.3492 267.893 5.57372 100.471 0 0 0 0 0 0 0 0
15 FEB 13 15 -21.109 73.2605 256.035 7.0709 100.456 0 0 0 0 0 0 0 0
15 FEB 13 16 -19.7137 72.9198 241.056 9.17906 100.405 0 0 0 0 0 0 0 0
15 FEB 13 17 -18.1026 73.2576 240.155 10.5915 100.338 1.10603e-05 0 1 0 1.10603e-05 0 0 0
15 FEB 13 18 -16.7002 75.0398 233.436 12.1115 100.266 0.000281058 0.000257092 1 0 0.000281058 0 0 0
15 FEB 13 19 -15.8249 77.1173 226.463 14.9641 100.162 0.000971625 0.000971816 1 0 0.000971625 0 0 0
15 FEB 13 20 -15.1526 79.1384 224.224 17.1555 100.045 0.00104119 0.00102282 1 0 0.00104119 0 0 0
15 FEB 13 21 -14.8084 79.8216 222.24 17.0713 99.9243 0.00107104 0.00109327 1 0 0.00107104 0 0 0
15 FEB 13 22 -14.9414 79.5865 218.132 15.0238 99.8564 0.000337864 0.000433608 1 0 0.000337864 0 0 0
15 FEB 13 23 -15.7844 79.7505 211.232 14.3574 99.7875 2.39248e-06 0 0 0 2.39248e-06 0 0 0
15 FEB 14 00 -15.0872 81.0433 209.502 16.275 99.7057 0.000785095 0.000654144 1 0 0.000785095 0 0 0
15 FEB 14 01 -14.6727 83.2138 204.936 15.5191 99.6021 0.000601442 0.000628049 1 0 0.000601442 0 0 0
15 FEB 14 02 -14.1433 84.0179 200.628 15.9471 99.4882 0.0153271 0.0136923 1 0 0.0153271 0 0 0
15 FEB 14 03 -13.6243 84.8841 198.465 17.2232 99.371 0.0893387 0.0832061 1 0 0.0893387 0 0 0
15 FEB 14 04 -13.041 86.1359 199.19 16.8975 99.2149 0.171492 0.169289 1 0 0.171492 0 0 0
15 FEB 14 05 -12.2792 87.2544 200.772 15.3907 99.0573 0.190801 0.191967 1 0 0.190801 0 0 0
