YR MM DD HH T2M(C) RH% WDIR WS(km/h) PRESS(KPa) TPREC(mm) SNOWAC PTYPE RAIN SNOW FRAIN CPREC ICEPL
15 FEB 01 05 -8.36069 88.8619 280.822 12.417 102.224 0 0 0 0 0 0 0 0
15 FEB 01 06 -8.25333 88.6883 288.258 11.2115 102.238 0 0 0 0 0 0 0 0
15 FEB 01 07 -7.43594 90.1736 336.388 10.8246 102.273 0.00898156 0.00809878 1 0 0.00898156 0 0 0
15 FEB 01 08 -7.70825 87.7954 347.414 15.6028 102.332 0.00909186 0.00987732 1 0 0.00909186 0 0 0
15 FEB 01 09 -8.74942 86.5455 342.021 18.9222 102.418 0.000329155 0.000972112 1 0 0.000329155 0 0 0
15 FEB 01 10 -9.60739 86.1086 350.183 22.8411 102.504 0.0020172 0.0017928 1 0 0.0020172 0 0 0
15 FEB 01 11 -10.8947 84.585 357.339 24.4896 102.594 0.00418661 0.00428515 1 0 0.00418661 0 0 0
15 FEB 01 12 -12.2169 81.9346 1.55588 23.9223 102.661 0.00120781 0.00131849 1 0 0.00120781 0 0 0
15 FEB 01 13 -13.0314 80.6979 6.883 23.5192 102.693 5.61704e-05 4.7206e-05 1 0 5.61704e-05 0 0 0
15 FEB 01 14 -13.2875 79.9271 10.8408 23.1598 102.739 1.52174e-06 0 1 0 1.52174e-06 0 0 0
15 FEB 01 15 -13.2585 79.8761 16.3268 21.6907 102.783 0.000149051 0.000233288 1 0 0.000149051 0 0 0
15 FEB 01 16 -12.9315 81.1122 24.4294 19.8308 102.749 0.000706728 0.000676964 1 0 0.000706728 0 0 0
15 FEB 01 17 -12.3867 81.1867 37.7605 18.147 102.688 0.000669112 0.000589338 1 0 0.000669112 0 0 0
15 FEB 01 18 -11.8225 81.7699 50.5217 17.7853 102.626 0.00233758 0.00225256 1 0 0.00233758 0 0 0
15 FEB 01 19 -11.4799 80.7753 62.2534 18.4244 102.546 0.00346497 0.003437 1 0 0.00346497 0 0 0
15 FEB 01 20 -11.4732 81.0112 68.1703 20.0752 102.459 0.00333584 0.00338164 1 0 0.00333584 0 0 0
15 FEB 01 21 -11.9022 80.2944 68.2961 20.9919 102.392 0.00184199 0.00191587 1 0 0.00184199 0 0 0
15 FEB 01 22 -12.4995 80.1545 71.0696 21.0382 102.33 0.00140426 0.00131991 1 0 0.00140426 0 0 0
15 FEB 01 23 -13.0858 81.67 72.9847 21.5476 102.259 0.0101597 0.0094175 1 0 0.0101597 0 0 0
15 FEB 02 00 -13.5446 81.378 69.7104 22.6375 102.201 0.03794 0.0348343 1 0 0.03794 0 0 0
15 FEB 02 01 -13.9846 82.0409 65.5596 24.1761 102.113 0.178235 0.169429 1 0 0.178235 0 0 0
15 FEB 02 02 -14.4655 81.9005 64.204 25.4126 102.039 0.311652 0.306136 1 0 0.311652 0 0 0
15 FEB 02 03 -15.0375 82.8707 59.2163 26.5737 101.966 0.533591 0.516434 1 0 0.533591 0 0 0
15 FEB 02 04 -15.4459 83.1861 54.9148 28.2225 101.821 0.752991 0.752823 1 0 0.752991 0 0 0
15 FEB 02 05 -15.7397 82.7564 50.4579 29.2681 101.68 0.628515 0.634038 1 0 0.628515 0 0 0
YR MM DD HH T2M(C) RH% WDIR WS(km/h) PRESS(KPa) TPREC(mm) SNOWAC PTYPE RAIN SNOW FRAIN CPREC ICEPL
15 FEB 02 05 -14.5727 83.9405 45.7174 35.2334 99.0811 1.61987 1.60976 1 0 1.61987 0 0 0
15 FEB 02 06 -14.9978 83.6129 42.0498 34.4404 98.9353 1.55904 1.57529 1 0 1.55904 0 0 0
15 FEB 02 07 -15.3145 83.4093 41.0487 31.7183 98.8631 1.42973 1.42206 1 0 1.42973 0 0 0
15 FEB 02 08 -15.4758 83.4315 34.9223 32.511 98.7057 1.34176 1.36611 1 0 1.34176 0 0 0
15 FEB 02 09 -15.6666 83.1232 28.3573 32.2034 98.635 0.897966 0.910739 1 0 0.897966 0 0 0
15 FEB 02 10 -15.869 82.8435 21.3332 34.4229 98.5598 0.850915 0.847296 1 0 0.850915 0 0 0
15 FEB 02 11 -16.3625 81.9583 14.3715 36.3923 98.5197 0.820689 0.826801 1 0 0.820689 0 0 0
15 FEB 02 12 -16.5949 81.3684 10.4713 36.2861 98.5629 0.718828 0.722454 1 0 0.718828 0 0 0
15 FEB 02 13 -16.7775 80.6902 5.50365 36.7695 98.595 0.599378 0.609209 1 0 0.599378 0 0 0
15 FEB 02 14 -16.7423 79.5392 0.840134 37.7641 98.6583 0.355552 0.36772 1 0 0.355552 0 0 0
15 FEB 02 15 -16.2338 78.651 358.376 37.1637 98.7913 0.200056 0.203516 1 0 0.200056 0 0 0
15 FEB 02 16 -15.6229 79.0639 356.866 34.9725 98.8684 0.153136 0.155759 1 0 0.153136 0 0 0
15 FEB 02 17 -14.7522 78.5316 351.635 32.6099 98.9751 0.0863956 0.0900075 1 0 0.0863956 0 0 0
15 FEB 02 18 -14.3293 78.6377 347.404 30.9685 99.0712 0.0165088 0.0188454 1 0 0.0165088 0 0 0
15 FEB 02 19 -14.287 79.4364 343.599 29.6928 99.1415 0.00476146 0.00500202 1 0 0.00476146 0 0 0
15 FEB 02 20 -14.878 78.1152 337.975 27.9791 99.2193 0.000558218 0.000679907 1 0 0.000558218 0 0 0
15 FEB 02 21 -15.5693 77.9658 333.798 25.1911 99.3049 0 0 0 0 0 0 0 0
15 FEB 02 22 -17.02 76.423 327.093 20.0588 99.4177 0 0 0 0 0 0 0 0
15 FEB 02 23 -20.0168 72.9035 315.906 15.9252 99.5256 0 0 0 0 0 0 0 0
15 FEB 03 00 -21.3431 71.7297 313.908 16.8944 99.6195 0 0 0 0 0 0 0 0
15 FEB 03 01 -22.5946 70.1063 316.48 15.3532 99.6787 0 0 0 0 0 0 0 0
15 FEB 03 02 -23.5306 68.395 314.031 13.0846 99.7668 0 0 0 0 0 0 0 0
15 FEB 03 03 -23.9982 66.7743 302.891 12.4535 99.8512 0 0 0 0 0 0 0 0
15 FEB 03 04 -23.8349 63.4145 292.809 11.1908 99.8807 0 0 0 0 0 0 0 0
15 FEB 03 05 -24.0905 64.6865 276.949 10.771 99.9121 9.0369e-05 2.27782e-05 1 0 9.0369e-05 0 0 0
YR MM DD HH T2M(C) RH% WDIR WS(km/h) PRESS(KPa) TPREC(mm) SNOWAC PTYPE RAIN SNOW FRAIN CPREC ICEPL
15 FEB 03 05 -17.8833 72.4666 273.922 9.77551 99.8268 0 0 0 0 0 0 0 0
15 FEB 03 06 -18.0553 74.0313 258.15 9.51179 99.8121 0 0 0 0 0 0 0 0
15 FEB 03 07 -18.1895 77.9671 251.974 9.39295 99.8065 0.000296121 0.000234762 1 0 0.000296121 0 0 0
15 FEB 03 08 -18.5159 80.7528 254.786 9.88636 99.7939 0.000328034 0.00036381 1 0 0.000328034 0 0 0
15 FEB 03 09 -18.472 80.6309 258.106 11.2053 99.8274 1.96784e-07 0 0 0 1.96784e-07 0 0 0
15 FEB 03 10 -17.7034 79.7905 256.661 10.6264 99.871 0 0 0 0 0 0 0 0
15 FEB 03 11 -16.7987 80.0498 249.022 10.586 99.8666 0 0 0 0 0 0 0 0
15 FEB 03 12 -16.748 81.7036 233.447 9.95574 99.8367 0 0 0 0 0 0 0 0
15 FEB 03 13 -16.5466 81.1033 232.768 13.2579 99.8427 0 0 0 0 0 0 0 0
15 FEB 03 14 -14.7465 82.5369 241.05 15.3304 99.889 0 0 0 0 0 0 0 0
15 FEB 03 15 -12.4328 85.1631 237.951 17.4134 99.8932 9.327e-06 0 1 0 9.327e-06 0 0 0
15 FEB 03 16 -11.4059 85.674 238.028 20.3049 99.8672 0.000116839 7.64433e-05 1 0 0.000116839 0 0 0
15 FEB 03 17 -10.7101 85.6872 237.634 21.1121 99.8589 2.95409e-05 0 1 0 2.95409e-05 0 0 0
15 FEB 03 18 -9.7229 85.915 234.976 22.1009 99.9048 1.48059e-05 0 1 0 1.48059e-05 0 0 0
15 FEB 03 19 -9.09439 85.8445 231.494 23.2703 99.9093 0.000103579 0.000300736 1 0 0.000103579 0 0 0
15 FEB 03 20 -8.90216 86.1094 231.263 23.8695 99.8752 0.000448812 0.00081644 1 0 0.000448812 0 0 0
15 FEB 03 21 -9.2428 85.7875 231.188 22.8628 99.8502 0.00076843 0.000762565 1 0 0.00076843 0 0 0
15 FEB 03 22 -10.164 85.972 228.571 19.9049 99.8501 0.000673199 0.000670562 1 0 0.000673199 0 0 0
15 FEB 03 23 -11.6667 86.1626 227.257 17.4871 99.8351 0.00157179 0.00148129 1 0 0.00157179 0 0 0
15 FEB 04 00 -12.2038 85.8765 236.123 16.9247 99.86 0.00308158 0.00308631 1 0 0.00308158 0 0 0
15 FEB 04 01 -12.4927 85.9961 243.044 15.0654 99.8573 0.0018445 0.00187275 1 0 0.0018445 0 0 0
15 FEB 04 02 -10.7687 86.8205 243.697 15.3771 99.8412 0.0014569 0.00150737 1 0 0.0014569 0 0 0
15 FEB 04 03 -9.80292 87.4283 237.791 13.4996 99.8085 0.0023305 0.00193322 1 0 0.0023305 0 0 0
15 FEB 04 04 -9.4205 89.0119 228.573 9.91179 99.7331 0.0324499 0.0294771 1 0 0.0324499 0 0 0
15 FEB 04 05 -9.10559 90.6864 212.424 6.41228 99.6546 0.15632 0.148909 1 0 0.15632 0 0 0
YR MM DD HH T2M(C) RH% WDIR WS(km/h) PRESS(KPa) TPREC(mm) SNOWAC PTYPE RAIN SNOW FRAIN CPREC ICEPL
15 FEB 04 05 -7.98584 90.2012 227.005 10.2616 99.843 0.0496953 0.0451121 1 0 0.0496953 0 0 0
15 FEB 04 06 -7.49268 92.0344 202.25 8.96803 99.7638 0.127823 0.12564 1 0 0.127823 0 0 0
15 FEB 04 07 -7.10297 92.8233 187.534 8.7106 99.6976 0.150958 0.150351 1 0 0.150958 0 0 0
15 FEB 04 08 -6.66345 93.296 185.56 8.93379 99.6077 0.166417 0.166132 1 0 0.166417 0 0 0
15 FEB 04 09 -6.22305 93.8471 187.505 9.47389 99.5049 0.131659 0.133526 1 0 0.131659 0 0 0
15 FEB 04 10 -5.78189 94.1709 195.972 9.65474 99.4338 0.0951392 0.0955015 1 0 0.0951392 0 0 0
15 FEB 04 11 -5.43655 94.0729 207.59 9.58315 99.4098 0.115787 0.119352 1 0 0.115787 0 0 0
15 FEB 04 12 -5.61847 94.5953 211.528 9.0851 99.3467 0.0350611 0.0358379 1 0 0.0350611 0 0 0
15 FEB 04 13 -5.10339 94.6648 216.478 8.17874 99.302 0.0249377 0.0250716 1 0 0.0249377 0 0 0
15 FEB 04 14 -3.72156 94.34 223.409 8.20198 99.2787 0.0387255 0.0374412 1 0 0.0387255 0 0 0
15 FEB 04 15 -2.66534 93.7767 234.168 9.12263 99.2787 0.0685375 0.0669358 1 0 0.0685375 0 0 0
15 FEB 04 16 -1.81879 92.6999 244.933 9.49806 99.2366 0.0811677 0.0812666 1 0 0.0811677 0 0 0
15 FEB 04 17 -1.19107 86.1153 256.036 11.0897 99.1949 0.080808 0.0806039 1 0 0.080808 0 0 0
15 FEB 04 18 -0.957916 84.7998 270.291 13.5278 99.168 0.088834 0.0888289 1 0 0.088834 0 0 0
15 FEB 04 19 -0.95755 83.8033 279.572 15.751 99.1482 0.0754707 0.0761143 1 0 0.0754707 0 0 0
15 FEB 04 20 -1.43176 87.3748 289.456 17.0743 99.1272 0.0572505 0.0589771 1 0 0.0572505 0 0 0
15 FEB 04 21 -2.32068 86.9882 307.604 17.3297 99.1493 0.0455758 0.0414447 1 0 0.0455758 0 0 0
15 FEB 04 22 -4.61499 91.4802 346.057 22.2507 99.2447 0.355374 0.340943 1 0 0.355374 0 0 0
15 FEB 04 23 -6.95862 84.7107 343.584 23.7666 99.3389 0.155096 0.174466 1 0 0.155096 0 0 0
15 FEB 05 00 -7.6207 83.5904 339.941 21.9457 99.4365 0.00333819 0.00466723 0 0 0.00333819 0 0 0
15 FEB 05 01 -8.16446 83.816 337.377 20.0816 99.4937 0 0 0 0 0 0 0 0
15 FEB 05 02 -8.62372 83.6688 333.587 19.1288 99.588 0 0 0 0 0 0 0 0
15 FEB 05 03 -10.3446 82.3168 323.162 16.0286 99.6698 0 0 0 0 0 0 0 0
15 FEB 05 04 -9.62396 83.7261 332.89 18.5243 99.7474 0.00236054 0.00222159 1 0 0.00236054 0 0 0
15 FEB 05 05 -11.6873 80.1632 336.848 17.4025 99.8111 0.00170843 0.00203055 0 0 0.00170843 0 0 0
YR MM DD HH T2M(C) RH% WDIR WS(km/h) PRESS(KPa) TPREC(mm) SNOWAC PTYPE RAIN SNOW FRAIN CPREC ICEPL
15 FEB 05 05 -9.05869 81.244 327.504 22.1294 99.7217 0 0 0 0 0 0 0 0
15 FEB 05 06 -10.2751 79.4886 326.631 23.7699 99.7911 0 0 0 0 0 0 0 0
15 FEB 05 07 -12.2386 72.8805 325.462 26.548 99.8702 0 0 0 0 0 0 0 0
15 FEB 05 08 -14.14 71.2568 321.114 24.6534 99.9675 0 0 0 0 0 0 0 0
15 FEB 05 09 -15.8531 72.0271 315.92 22.6396 100.062 0 0 0 0 0 0 0 0
15 FEB 05 10 -16.4973 71.5656 315.282 22.6159 100.136 0 0 0 0 0 0 0 0
15 FEB 05 11 -16.9953 70.8502 313.336 23.0124 100.201 0 0 0 0 0 0 0 0
15 FEB 05 12 -17.7666 70.3742 311.954 22.1187 100.288 0 0 0 0 0 0 0 0
15 FEB 05 13 -18.2687 71.8634 314.6 21.7854 100.383 0 0 0 0 0 0 0 0
15 FEB 05 14 -17.5492 76.8578 318.909 22.1673 100.483 0.000193583 0.000135119 1 0 0.000193583 0 0 0
15 FEB 05 15 -16.4305 78.4814 323.628 20.3396 100.576 0.000382244 0.000429472 1 0 0.000382244 0 0 0
15 FEB 05 16 -15.2414 77.9707 329.081 19.2604 100.632 0.000106275 0.000122406 1 0 0.000106275 0 0 0
15 FEB 05 17 -14.2505 75.3673 329.758 18.3894 100.654 0.000573418 0.000822975 1 0 0.000573418 0 0 0
15 FEB 05 18 -13.7979 73.3831 324.829 16.4196 100.663 0.000611443 0.000852908 0 0 0.000611443 0 0 0
15 FEB 05 19 -13.8596 70.4909 312.811 15.5288 100.657 0 0 0 0 0 0 0 0
15 FEB 05 20 -13.8164 69.6498 295.817 15.4313 100.621 0 0 0 0 0 0 0 0
15 FEB 05 21 -14.2063 69.634 288.661 14.4466 100.577 0 0 0 0 0 0 0 0
15 FEB 05 22 -15.7448 70.9277 279.855 10.496 100.577 0 0 0 0 0 0 0 0
15 FEB 05 23 -17.0319 69.067 261.576 10.9927 100.557 0 0 0 0 0 0 0 0
15 FEB 06 00 -17.7271 76.7461 244.449 10.4393 100.52 0.000199122 0.000142784 1 0 0.000199122 0 0 0
15 FEB 06 01 -18.5204 80.8204 239.963 11.6554 100.487 0.000106852 0.000182615 1 0 0.000106852 0 0 0
15 FEB 06 02 -18.9047 80.1537 242.607 13.4329 100.455 6.29269e-08 0 1 0 6.29269e-08 0 0 0
15 FEB 06 03 -17.5953 80.897 235.228 16.2003 100.377 2.13662e-07 0 1 0 2.13662e-07 0 0 0
15 FEB 06 04 -16.7085 81.6297 228.504 20.1312 100.256 9.13234e-07 0 1 0 9.13234e-07 0 0 0
15 FEB 06 05 -16.0191 81.2417 227.814 23.3558 100.142 5.7882e-06 0 1 0 5.7882e-06 0 0 0
YR MM DD HH T2M(C) RH% WDIR WS(km/h) PRESS(KPa) TPREC(mm) SNOWAC PTYPE RAIN SNOW FRAIN CPREC ICEPL
15 FEB 06 05 -13.7566 80.3197 230.001 19.6853 100.028 0 0 0 0 0 0 0 0
15 FEB 06 06 -13.5709 79.4054 230.248 21.2044 99.9516 0 0 0 0 0 0 0 0
15 FEB 06 07 -14.0787 79.3471 227.408 21.9497 99.8729 0 0 0 0 0 0 0 0
15 FEB 06 08 -13.9805 81.2018 229.675 21.7398 99.8043 0 0 0 0 0 0 0 0
15 FEB 06 09 -12.5382 81.2116 237.407 22.1805 99.7031 0.00420468 0.00334684 1 0 0.00420468 0 0 0
15 FEB 06 10 -11.6494 80.7384 248.989 26.4615 99.6078 0.0411207 0.0394992 1 0 0.0411207 0 0 0
15 FEB 06 11 -12.4774 78.7038 261.77 24.2065 99.6617 0.0175041 0.0199792 0 0 0.0175041 0 0 0
15 FEB 06 12 -13.2749 79.5173 263.021 21.6144 99.7194 0.00050924 0.000502841 0 0 0.00050924 0 0 0
15 FEB 06 13 -13.8209 79.7294 254.968 21.9821 99.66 0 0 0 0 0 0 0 0
15 FEB 06 14 -13.1454 80.1692 255.638 23.6812 99.6695 0 0 0 0 0 0 0 0
15 FEB 06 15 -12.1216 80.6458 265.547 22.5509 99.8248 0 0 0 0 0 0 0 0
15 FEB 06 16 -10.947 81.7196 266.436 21.4355 99.8191 0 0 0 0 0 0 0 0
15 FEB 06 17 -9.59894 83.0792 264.329 21.9527 99.7705 0 0 0 0 0 0 0 0
15 FEB 06 18 -8.57455 83.5267 263.685 22.345 99.7265 0 0 0 0 0 0 0 0
15 FEB 06 19 -7.66687 82.2873 269.648 21.2091 99.7813 0 0 0 0 0 0 0 0
15 FEB 06 20 -7.36325 81.9295 268.803 19.9015 99.7895 0 0 0 0 0 0 0 0
15 FEB 06 21 -7.84708 83.2513 257.62 18.0692 99.7382 0 0 0 0 0 0 0 0
15 FEB 06 22 -9.03644 84.118 253.256 18.6118 99.7758 0 0 0 0 0 0 0 0
15 FEB 06 23 -10.8541 83.7582 256.613 16.9667 99.8218 0 0 0 0 0 0 0 0
15 FEB 07 00 -11.4592 84.8806 256.881 13.7114 99.8456 9.7756e-05 0.000230792 1 0 9.7756e-05 0 0 0
15 FEB 07 01 -11.4455 86.0326 252.546 11.9892 99.866 0.000716292 0.000675871 1 0 0.000716292 0 0 0
15 FEB 07 02 -10.4085 87.0709 254.415 12.2966 99.9066 0.00127875 0.00122427 1 0 0.00127875 0 0 0
15 FEB 07 03 -9.62161 87.9965 254.797 12.0258 99.9146 0.000673103 0.000654472 1 0 0.000673103 0 0 0
15 FEB 07 04 -9.10364 88.6676 248.841 11.376 99.8716 0.000219402 0.00021979 1 0 0.000219402 0 0 0
15 FEB 07 05 -9.35657 88.7398 241.005 10.4679 99.8009 1.81644e-05 0 1 0 1.81644e-05 0 0 0
YR MM DD HH T2M(C) RH% WDIR WS(km/h) PRESS(KPa) TPREC(mm) SNOWAC PTYPE RAIN SNOW FRAIN CPREC ICEPL
15 FEB 07 05 -7.19427 88.8309 247.558 11.5149 99.6386 0 0 0 0 0 0 0 0
15 FEB 07 06 -6.84964 89.4564 252.413 10.6446 99.6591 0 0 0 0 0 0 0 0
15 FEB 07 07 -6.52499 89.925 254.941 9.42077 99.6684 2.78518e-05 2.37385e-05 1 0 2.78518e-05 0 0 0
15 FEB 07 08 -6.44962 90.6397 244.589 8.95939 99.6505 0.00947584 0.00875737 1 0 0.00947584 0 0 0
15 FEB 07 09 -6.2475 91.5208 235.454 8.28628 99.6363 0.0263205 0.0250614 1 0 0.0263205 0 0 0
15 FEB 07 10 -6.15146 92.0922 220.562 6.19557 99.6196 0.081121 0.0760545 1 0 0.081121 0 0 0
15 FEB 07 11 -6.04462 93.8842 181.982 4.55475 99.6131 0.302968 0.287656 1 0 0.302968 0 0 0
15 FEB 07 12 -6.02805 94.1531 165.841 6.19827 99.5789 0.576521 0.566501 1 0 0.576521 0 0 0
15 FEB 07 13 -5.69479 93.9259 173.163 7.73181 99.5532 0.572414 0.581454 1 0 0.572414 0 0 0
15 FEB 07 14 -5.09949 93.3577 177.273 7.80537 99.5244 0.372907 0.379529 1 0 0.372907 0 0 0
15 FEB 07 15 -4.5101 93.6635 169.047 6.85997 99.5307 0.424757 0.418565 1 0 0.424757 0 0 0
15 FEB 07 16 -3.8186 93.2653 163.356 8.08925 99.4723 0.331828 0.346272 1 0 0.331828 0 0 0
15 FEB 07 17 -3.02658 93.1112 146.534 8.64668 99.399 0.0624026 0.0704337 1 0 0.0624026 0 0 0
15 FEB 07 18 -2.4826 93.2142 122.816 10.2231 99.3681 0.00809414 0.0079893 1 0 0.00809414 0 0 0
15 FEB 07 19 -2.36838 93.4722 124.419 12.7497 99.3228 0.0167833 0.016255 1 0 0.0167833 0 0 0
15 FEB 07 20 -2.62015 93.7077 130.979 14.8569 99.2521 0.0205134 0.0207865 1 0 0.0205134 0 0 0
15 FEB 07 21 -2.86362 94.1779 121.417 14.4527 99.2171 0.0141122 0.0143465 1 0 0.0141122 0 0 0
15 FEB 07 22 -3.08542 95.5423 104.99 15.073 99.2056 0.0199695 0.0185836 1 0 0.0199695 0 0 0
15 FEB 07 23 -4.02023 96.3291 92.8339 16.9403 99.1944 0.105452 0.0986585 1 0 0.105452 0 0 0
15 FEB 08 00 -5.3671 94.4771 84.5471 18.5643 99.1967 0.135147 0.13983 1 0 0.135147 0 0 0
15 FEB 08 01 -6.47354 93.0785 80.4616 19.6897 99.1662 0.0637514 0.0649964 1 0 0.0637514 0 0 0
15 FEB 08 02 -7.06339 92.4269 75.7777 19.8027 99.1981 0.0672437 0.066122 1 0 0.0672437 0 0 0
15 FEB 08 03 -7.69034 91.453 80.5095 22.104 99.2074 0.0663942 0.0673334 1 0 0.0663942 0 0 0
15 FEB 08 04 -8.71951 90.3274 84.1053 22.2943 99.1678 0.0519908 0.052577 1.23254 0 0.0519908 0 0 0.051237
15 FEB 08 05 -9.47668 90.0558 84.294 22.7486 99.153 0.0840575 0.0613397 1.23254 0 0.0840575 0 0 0.0599166
YR MM DD HH T2M(C) RH% WDIR WS(km/h) PRESS(KPa) TPREC(mm) SNOWAC PTYPE RAIN SNOW FRAIN CPREC ICEPL
15 FEB 08 05 -9.29291 88.8125 76.0363 24.9224 99.2446 0.470683 0.469088 1 0 0.470683 0 0 0
15 FEB 08 06 -10.1271 88.0735 78.7767 25.7675 99.2313 0.382725 0.391102 1 0 0.382725 0 0 0
15 FEB 08 07 -10.9991 87.1453 82.8679 27.1891 99.181 0.207154 0.215179 1 0 0.207154 0 0 0
15 FEB 08 08 -11.5855 86.8437 81.2991 26.6593 99.1198 0.0647904 0.0698076 1 0 0.0647904 0 0 0
15 FEB 08 09 -11.8708 86.6848 75.7818 25.0506 99.0878 0.0173994 0.0183114 1 0 0.0173994 0 0 0
15 FEB 08 10 -12.1243 86.4094 73.1329 23.3266 99.0722 0.0114382 0.0114952 1 0 0.0114382 0 0 0
15 FEB 08 11 -12.3356 86.0402 72.1646 23.1156 99.0398 0.0136809 0.0133927 1.76117 0 0.0136809 0 0 0.0152248
15 FEB 08 12 -12.5443 85.831 69.8271 23.4651 99.0105 0.0247866 0.020443 2 0 0.0247866 0 0 0.0247866
15 FEB 08 13 -12.6122 85.5321 66.9003 23.4076 99.0132 0.0272108 0.0175155 2 0 0.0272108 0 0 0.0272108
15 FEB 08 14 -12.5822 85.2278 67.9166 23.4393 99.0108 0.0173792 0.0163006 2 0 0.0173792 0 0 0.0173792
15 FEB 08 15 -12.4505 85.5975 64.263 21.809 99.0435 0.0387243 0.0212869 2 0 0.0387243 0 0 0.0387243
15 FEB 08 16 -12.1523 86.4356 58.5024 21.0589 99.055 0.15998 0 2 0 0.15998 0 0 0.15998
15 FEB 08 17 -11.8959 86.8799 53.1124 21.5472 99.0412 0.190753 0 2 0 0.190753 0 0 0.190753
15 FEB 08 18 -11.7679 86.5812 48.7609 21.2342 99.056 0.194875 0.0102396 2 0 0.194875 0 0 0.194875
15 FEB 08 19 -11.8442 86.2075 49.2457 21.748 99.0525 0.326594 0.0174278 2 0 0.326594 0 0 0.326594
15 FEB 08 20 -12.0594 85.4608 50.1753 22.51 99.0468 0.0951771 0.0453614 2 0 0.0951771 0 0 0.0951771
15 FEB 08 21 -12.3727 84.8256 47.9694 22.6639 99.0657 0.118507 0 2 0 0.118507 0 0 0.118507
15 FEB 08 22 -12.6707 84.4358 44.8996 21.0811 99.1326 0.153358 0 2 0 0.153358 0 0 0.153358
15 FEB 08 23 -13.0083 84.2019 40.54 21.8837 99.1699 0.154209 0.0588765 2 0 0.154209 0 0 0.154209
15 FEB 09 00 -13.1519 83.734 39.4137 23.0726 99.2016 0.0931588 0.084223 1.17701 0 0.0931588 0 0 0.0651759
15 FEB 09 01 -13.1996 83.0397 38.587 22.9154 99.2699 0.0531361 0.0488895 1 0 0.0531361 0 0 0
15 FEB 09 02 -13.2367 82.708 38.6967 21.8762 99.3364 0.063623 0.047645 1 0 0.063623 0 0 0
15 FEB 09 03 -13.3183 82.7632 38.779 21.7581 99.3626 0.0761947 0.060891 1 0 0.0761947 0 0 0
15 FEB 09 04 -13.4487 83.0384 36.3495 22.3286 99.3425 0.0711571 0.0152845 1 0 0.0711571 0 0 0
15 FEB 09 05 -13.5011 82.7353 34.9207 22.6038 99.338 0.0520497 0.0524225 1 0 0.0520497 0 0 0
YR MM DD HH T2M(C) RH% WDIR WS(km/h) PRESS(KPa) TPREC(mm) SNOWAC PTYPE RAIN SNOW FRAIN CPREC ICEPL
15 FEB 09 05 -12.5952 82.3248 54.4255 21.8597 99.5675 0.0677075 0.0673697 1 0 0.0677075 0 0 0
15 FEB 09 06 -12.719 81.6895 51.319 22.1322 99.5801 0.0193171 0.0218937 1 0 0.0193171 0 0 0
15 FEB 09 07 -12.9705 81.7732 45.1345 21.5206 99.5855 0.0069911 0.00684292 1 0 0.0069911 0 0 0
15 FEB 09 08 -13.3839 81.5464 37.1913 21.0167 99.5887 0.00624913 0.00634906 1 0 0.00624913 0 0 0
15 FEB 09 09 -14.6294 81.3013 29.1144 20.5367 99.6042 0.00478513 0.00482897 1 0 0.00478513 0 0 0
15 FEB 09 10 -15.4933 80.6264 25.4244 21.834 99.6529 0.00479149 0.00476742 1 0 0.00479149 0 0 0
15 FEB 09 11 -16.0655 80.1787 23.5188 22.1863 99.682 0.00492411 0.00491958 1 0 0.00492411 0 0 0
15 FEB 09 12 -16.464 80.203 22.0711 21.6974 99.7136 0.00555681 0.00551846 1 0 0.00555681 0 0 0
15 FEB 09 13 -16.6303 80.1735 19.0398 21.8849 99.7815 0.00577366 0.00577766 1 0 0.00577366 0 0 0
15 FEB 09 14 -16.1452 80.2014 18.9518 22.2664 99.8549 0.00648164 0.00639603 1 0 0.00648164 0 0 0
15 FEB 09 15 -15.4479 80.7097 21.2965 20.8245 99.9024 0.00811696 0.00807407 1 0 0.00811696 0 0 0
15 FEB 09 16 -14.5793 81.2177 21.4498 19.7213 99.9055 0.00826305 0.00827293 1 0 0.00826305 0 0 0
15 FEB 09 17 -13.7525 81.9029 19.6417 18.8292 99.8953 0.0077655 0.00780144 1 0 0.0077655 0 0 0
15 FEB 09 18 -13.0349 82.549 18.9778 17.8771 99.8866 0.00698457 0.00702359 1 0 0.00698457 0 0 0
15 FEB 09 19 -12.4937 83.0331 18.0908 17.421 99.8846 0.00671375 0.00669601 1 0 0.00671375 0 0 0
15 FEB 09 20 -12.1371 83.6083 15.453 17.124 99.8849 0.00723357 0.00721214 1 0 0.00723357 0 0 0
15 FEB 09 21 -12.123 83.963 12.9348 17.3443 99.8835 0.00753499 0.00752956 1 0 0.00753499 0 0 0
15 FEB 09 22 -12.6542 84.0998 10.5672 16.2278 99.9164 0.0071418 0.00718835 1 0 0.0071418 0 0 0
15 FEB 09 23 -13.9797 83.8719 8.80406 14.6635 99.9649 0.00601678 0.00606972 1 0 0.00601678 0 0 0
15 FEB 10 00 -14.584 84.1205 7.39221 14.2245 100.004 0.00535798 0.00535775 1 0 0.00535798 0 0 0
15 FEB 10 01 -14.703 84.3812 3.02919 13.4663 100.052 0.00634785 0.00624922 1 0 0.00634785 0 0 0
15 FEB 10 02 -14.6104 84.5924 359.525 12.6719 100.094 0.0083238 0.00827354 1 0 0.0083238 0 0 0
15 FEB 10 03 -14.6699 84.9126 0.200211 12.424 100.124 0.0075822 0.00768396 1 0 0.0075822 0 0 0
15 FEB 10 04 -15.0847 84.8394 0.790482 12.0684 100.13 0.0056596 0.00572245 1 0 0.0056596 0 0 0
15 FEB 10 05 -15.1512 84.9765 358.942 11.448 100.145 0.00453728 0.00461746 1 0 0.00453728 0 0 0
YR MM DD HH T2M(C) RH% WDIR WS(km/h) PRESS(KPa) TPREC(mm) SNOWAC PTYPE RAIN SNOW FRAIN CPREC ICEPL
15 FEB 10 05 -14.2036 85.5589 355.544 11.372 100.117 8.58438e-06 0.000159622 1 0 8.58438e-06 0 0 0
15 FEB 10 06 -14.4083 85.5682 356.752 10.9997 100.136 2.61131e-09 0 1 0 2.61131e-09 0 0 0
15 FEB 10 07 -14.7488 85.5775 358.467 10.4539 100.145 1.21719e-08 0 1 0 1.21719e-08 0 0 0
15 FEB 10 08 -14.834 85.4296 358.092 10.0864 100.145 3.81905e-08 0 1 0 3.81905e-08 0 0 0
15 FEB 10 09 -15.3621 85.0005 352.146 11.109 100.203 1.70382e-07 0 1 0 1.70382e-07 0 0 0
15 FEB 10 10 -15.6237 84.7858 346.455 10.3068 100.233 7.00043e-08 0 1 0 7.00043e-08 0 0 0
15 FEB 10 11 -15.8566 84.6768 345.384 10.6475 100.247 3.26851e-08 0 1 0 3.26851e-08 0 0 0
15 FEB 10 12 -15.8807 83.7682 346.737 12.9957 100.328 3.19843e-08 0 1 0 3.19843e-08 0 0 0
15 FEB 10 13 -15.3892 83.8045 348.451 13.2953 100.367 7.5642e-08 0 1 0 7.5642e-08 0 0 0
15 FEB 10 14 -13.6762 84.4606 353.032 12.895 100.379 2.34069e-07 0 1 0 2.34069e-07 0 0 0
15 FEB 10 15 -12.047 83.7696 2.56346 14.6563 100.443 2.61133e-07 0 1 0 2.61133e-07 0 0 0
15 FEB 10 16 -10.7653 83.0704 11.1121 15.8488 100.47 1.24956e-05 1.18045e-05 1 0 1.24956e-05 0 0 0
15 FEB 10 17 -9.87811 82.1606 18.112 15.0646 100.469 1.03204e-05 2.09814e-05 0 0 1.03204e-05 0 0 0
15 FEB 10 18 -9.19296 82.7853 20.9766 13.1206 100.476 1.22052e-06 0 0 0 1.22052e-06 0 0 0
15 FEB 10 19 -8.61237 83.4158 23.1572 11.3338 100.474 0 0 0 0 0 0 0 0
15 FEB 10 20 -8.31021 83.8094 33.2546 9.31486 100.433 1.8452e-05 2.35977e-05 1 0 1.8452e-05 0 0 0
15 FEB 10 21 -8.3829 86.1494 39.2613 7.64741 100.401 0.000562965 0.00050364 1 0 0.000562965 0 0 0
15 FEB 10 22 -9.25247 88.8949 38.3127 6.65004 100.401 0.00112315 0.00111167 1 0 0.00112315 0 0 0
15 FEB 10 23 -9.99564 94.0355 36.4796 7.48338 100.401 0.00141874 0.00140156 1 0 0.00141874 0 0 0
15 FEB 11 00 -10.4272 94.3427 29.7226 7.76822 100.415 0.00161227 0.00160167 1 0 0.00161227 0 0 0
15 FEB 11 01 -10.768 92.8822 24.618 7.68409 100.416 0.00187529 0.00186237 1 0 0.00187529 0 0 0
15 FEB 11 02 -11.0476 91.1368 28.6117 7.51857 100.413 0.00223451 0.00221269 1 0 0.00223451 0 0 0
15 FEB 11 03 -11.0978 89.8897 38.374 6.92822 100.402 0.00226749 0.00229236 1 0 0.00226749 0 0 0
15 FEB 11 04 -11.4966 90.7763 47.1502 7.47286 100.361 0.00170125 0.00171912 1 0 0.00170125 0 0 0
15 FEB 11 05 -11.873 92.4799 60.5501 7.75994 100.331 0.00219932 0.00212296 1 0 0.00219932 0 0 0
YR MM DD HH T2M(C) RH% WDIR WS(km/h) PRESS(KPa) TPREC(mm) SNOWAC PTYPE RAIN SNOW FRAIN CPREC ICEPL
15 FEB 11 05 -9.53226 92.2943 48.3747 7.1651 100.168 2.67539e-05 0 1 0 2.67539e-05 0 0 0
15 FEB 11 06 -9.44052 92.7378 65.8811 6.99669 100.089 0.00026891 0.000247656 1 0 0.00026891 0 0 0
15 FEB 11 07 -9.41525 92.5835 82.7215 6.72615 100.043 0.000347234 0.000319392 1 0 0.000347234 0 0 0
15 FEB 11 08 -9.27753 91.8662 93.4771 6.83911 100.016 0.00200919 0.00184266 1 0 0.00200919 0 0 0
15 FEB 11 09 -9.21722 90.3286 96.0783 9.13895 99.9752 0.00363671 0.00348102 1 0 0.00363671 0 0 0
15 FEB 11 10 -9.3577 88.3185 102.007 11.049 99.9201 0.0047916 0.00489367 1 0 0.0047916 0 0 0
15 FEB 11 11 -9.31406 88.2285 109.676 12.5756 99.8672 0.00829172 0.00768539 1 0 0.00829172 0 0 0
15 FEB 11 12 -8.98532 90.6222 112.622 13.5697 99.8207 0.0129434 0.0133292 1 0 0.0129434 0 0 0
15 FEB 11 13 -9.03079 91.9141 108.922 13.4322 99.7554 0.00601595 0.00622973 1 0 0.00601595 0 0 0
15 FEB 11 14 -7.95972 92.4499 112.653 15.2505 99.6863 0.00409713 0.00403837 1 0 0.00409713 0 0 0
15 FEB 11 15 -6.76642 92.1355 125.584 16.415 99.6134 0.00773704 0.00758407 1 0 0.00773704 0 0 0
15 FEB 11 16 -6.22339 90.7871 135.421 17.3937 99.4906 0.00586405 0.00609208 1 0 0.00586405 0 0 0
15 FEB 11 17 -5.69437 89.8726 145.014 15.6428 99.3938 0.00322363 0.00324653 1 0 0.00322363 0 0 0
15 FEB 11 18 -5.3259 89.7933 151.72 15.05 99.2807 0.00305353 0.00304064 1 0 0.00305353 0 0 0
15 FEB 11 19 -4.94073 90.2645 161.911 14.5442 99.1732 0.00440662 0.00424974 1 0 0.00440662 0 0 0
15 FEB 11 20 -4.23053 91.8938 163.963 12.979 99.0743 0.0313016 0.0226145 1 0 0.0313016 0 0 0
15 FEB 11 21 -3.54025 94.7894 157.502 12.2594 98.9576 0.463908 0.452956 1 0 0.463908 0 0 0
15 FEB 11 22 -2.95212 95.9155 173.494 11.4913 98.8937 0.382325 0.383784 1 0 0.382325 0 0 0
15 FEB 11 23 -2.76746 97.3007 199.833 10.3857 98.8517 0.355865 0.359509 1 0 0.355865 0 0 0
15 FEB 12 00 -2.48453 96.5186 224.874 11.8031 98.8413 0.14598 0.157539 1 0 0.14598 0 0 0
15 FEB 12 01 -2.9035 94.8861 240.944 11.1648 98.7826 0.0289708 0.0319906 1 0 0.0289708 0 0 0
15 FEB 12 02 -3.25421 94.2388 256.956 10.7024 98.7317 0.00878684 0.00904943 1 0 0.00878684 0 0 0
15 FEB 12 03 -4.77075 92.4219 275.398 12.9065 98.7293 8.98296e-06 4.17827e-05 0 0 8.98296e-06 0 0 0
15 FEB 12 04 -5.93738 89.9408 288.219 12.755 98.702 0 0 0 0 0 0 0 0
15 FEB 12 05 -4.33246 91.134 285.847 10.4451 98.6978 0 0 0 0 0 0 0 0
YR MM DD HH T2M(C) RH% WDIR WS(km/h) PRESS(KPa) TPREC(mm) SNOWAC PTYPE RAIN SNOW FRAIN CPREC ICEPL
15 FEB 12 05 -5.74469 94.2016 254.334 12.5441 98.6699 0.0013579 0.00196778 0 0 0.0013579 0 0 0
15 FEB 12 06 -4.05981 90.6362 304.412 19.393 98.7328 0.00510465 0.0050545 1 0 0.00510465 0 0 0
15 FEB 12 07 -6.50308 79.9944 317.391 17.7197 98.7421 0 8.49881e-05 0 0 0 0 0 0
15 FEB 12 08 -6.85086 82.9406 313.156 19.6533 98.7675 0 0 0 0 0 0 0 0
15 FEB 12 09 -9.25293 80.214 307.038 18.0783 98.7874 0 0 0 0 0 0 0 0
15 FEB 12 10 -10.8141 80.6744 293.999 16.428 98.8063 0 0 0 0 0 0 0 0
15 FEB 12 11 -10.7562 79.9254 291.773 19.4406 98.8376 0 0 0 0 0 0 0 0
15 FEB 12 12 -11.0995 80.1713 311.78 24.67 98.9144 0 0 0 0 0 0 0 0
15 FEB 12 13 -13.5855 77.1973 325.188 34.7544 99.0248 0.000197715 0.000134721 1 0 0.000197715 0 0 0
15 FEB 12 14 -14.8125 76.7437 330.47 38.1784 99.1358 0.00124255 0.00110956 1 0 0.00124255 0 0 0
15 FEB 12 15 -15.8161 75.9562 332.844 37.9733 99.2561 0.00700154 0.00638228 1 0 0.00700154 0 0 0
15 FEB 12 16 -16.6946 75.4934 333.48 36.4121 99.3497 0.0109128 0.0114732 1 0 0.0109128 0 0 0
15 FEB 12 17 -17.2286 75.4041 332.126 35.8699 99.4418 0.00615268 0.00610283 1 0 0.00615268 0 0 0
15 FEB 12 18 -17.5968 74.8958 330.145 35.4574 99.5329 0.00263948 0.0029245 1 0 0.00263948 0 0 0
15 FEB 12 19 -18.0753 74.474 327.896 34.7533 99.608 0.00116517 0.00123951 1 0 0.00116517 0 0 0
15 FEB 12 20 -18.6105 73.9757 325.128 34.8146 99.7004 0.000888094 0.00088276 1 0 0.000888094 0 0 0
15 FEB 12 21 -19.1678 73.3921 323.198 34.7077 99.8085 0.000725062 0.00073105 1 0 0.000725062 0 0 0
15 FEB 12 22 -19.7557 73.0471 323.6 33.8244 99.8794 0.000450985 0.000484245 1 0 0.000450985 0 0 0
15 FEB 12 23 -20.4078 72.9423 325.046 32.5932 99.9513 0.000335474 0.000340212 1 0 0.000335474 0 0 0
15 FEB 13 00 -20.6482 73.3457 326.086 32.4109 100.041 0.000307366 0.000304684 1 0 0.000307366 0 0 0
15 FEB 13 01 -20.8417 73.6349 326.105 30.6071 100.117 0.000213744 0.000150348 1 0 0.000213744 0 0 0
15 FEB 13 02 -21.0642 74.0218 326.288 28.3593 100.167 0.000273095 0.000245429 1 0 0.000273095 0 0 0
15 FEB 13 03 -21.3546 74.3474 327.01 26.8936 100.208 0.000364219 0.000360739 1 0 0.000364219 0 0 0
15 FEB 13 04 -21.7578 74.0126 327.776 24.0373 100.235 0.000273791 0.000268168 1 0 0.000273791 0 0 0
15 FEB 13 05 -22.2612 73.1632 327.32 22.209 100.255 3.21138e-05 4.62423e-05 1 0 3.21138e-05 0 0 0
YR MM DD HH T2M(C) RH% WDIR WS(km/h) PRESS(KPa) TPREC(mm) SNOWAC PTYPE RAIN SNOW FRAIN CPREC ICEPL
15 FEB 13 05 -19.174 72.8296 334.066 22.6931 100.272 0 0 0 0 0 0 0 0
15 FEB 13 06 -19.8945 72.8048 335.191 21.6034 100.307 0 0 0 0 0 0 0 0
15 FEB 13 07 -20.6807 73.2356 332.762 18.6987 100.321 0 0 0 0 0 0 0 0
15 FEB 13 08 -21.4752 73.2032 329.279 15.6384 100.354 0 0 0 0 0 0 0 0
15 FEB 13 09 -22.2996 73.1405 330.308 12.8101 100.356 0 0 0 0 0 0 0 0
15 FEB 13 10 -22.9852 72.9871 324.94 10.7119 100.351 0 0 0 0 0 0 0 0
15 FEB 13 11 -23.3451 72.247 305.44 8.9422 100.365 0 0 0 0 0 0 0 0
15 FEB 13 12 -23.6404 71.9655 284.56 8.10946 100.406 4.32923e-05 2.7487e-05 0 0 4.32923e-05 0 0 0
15 FEB 13 13 -23.2688 74.9914 275.333 6.96445 100.456 0 0 0 0 0 0 0 0
15 FEB 13 14 -22.2272 75.3492 267.893 5.57372 100.471 0 0 0 0 0 0 0 0
15 FEB 13 15 -21.109 73.2605 256.035 7.0709 100.456 0 0 0 0 0 0 0 0
15 FEB 13 16 -19.7137 72.9198 241.056 9.17906 100.405 0 0 0 0 0 0 0 0
15 FEB 13 17 -18.1026 73.2576 240.155 10.5915 100.338 1.10603e-05 0 1 0 1.10603e-05 0 0 0
15 FEB 13 18 -16.7002 75.0398 233.436 12.1115 100.266 0.000281058 0.000257092 1 0 0.000281058 0 0 0
15 FEB 13 19 -15.8249 77.1173 226.463 14.9641 100.162 0.000971625 0.000971816 1 0 0.000971625 0 0 0
15 FEB 13 20 -15.1526 79.1384 224.224 17.1555 100.045 0.00104119 0.00102282 1 0 0.00104119 0 0 0
15 FEB 13 21 -14.8084 79.8216 222.24 17.0713 99.9243 0.00107104 0.00109327 1 0 0.00107104 0 0 0
15 FEB 13 22 -14.9414 79.5865 218.132 15.0238 99.8564 0.000337864 0.000433608 1 0 0.000337864 0 0 0
15 FEB 13 23 -15.7844 79.7505 211.232 14.3574 99.7875 2.39248e-06 0 0 0 2.39248e-06 0 0 0
15 FEB 14 00 -15.0872 81.0433 209.502 16.275 99.7057 0.000785095 0.000654144 1 0 0.000785095 0 0 0
15 FEB 14 01 -14.6727 83.2138 204.936 15.5191 99.6021 0.000601442 0.000628049 1 0 0.000601442 0 0 0
15 FEB 14 02 -14.1433 84.0179 200.628 15.9471 99.4882 0.0153271 0.0136923 1 0 0.0153271 0 0 0
15 FEB 14 03 -13.6243 84.8841 198.465 17.2232 99.371 0.0893387 0.0832061 1 0 0.0893387 0 0 0
15 FEB 14 04 -13.041 86.1359 199.19 16.8975 99.2149 0.171492 0.169289 1 0 0.171492 0 0 0
15 FEB 14 05 -12.2792 87.2544 200.772 15.3907 99.0573 0.190801 0.191967 1 0 0.190801 0 0 0
YR MM DD HH T2M(C) RH% WDIR WS(km/h) PRESS(KPa) TPREC(mm) SNOWAC PTYPE RAIN SNOW FRAIN CPREC ICEPL
15 FEB 14 05 -10.9716 87.5273 202.047 22.9734 99.0094 0.223427 0.224843 1 0 0.223427 0 0 0
15 FEB 14 06 -10.2303 87.7177 206.103 22.4346 98.8489 0.169199 0.173193 1 0 0.169199 0 0 0
15 FEB 14 07 -9.63599 87.9028 208.856 21.0033 98.6661 0.0831973 0.0870227 1 0 0.0831973 0 0 0
15 FEB 14 08 -9.04861 88.5618 211.99 19.3955 98.5196 0.054576 0.0535661 1 0 0.054576 0 0 0
15 FEB 14 09 -8.3949 88.9643 223.346 18.2572 98.4378 0.0623831 0.0626444 1 0 0.0623831 0 0 0
15 FEB 14 10 -7.90027 88.9926 231.643 17.841 98.3555 0.0956911 0.0952131 1 0 0.0956911 0 0 0
15 FEB 14 11 -8.09421 87.6426 236.978 16.0145 98.2748 0.0397291 0.0424582 1 0 0.0397291 0 0 0
15 FEB 14 12 -8.88504 86.9034 245.3 15.613 98.2551 0.00925267 0.00942228 1 0 0.00925267 0 0 0
15 FEB 14 13 -8.56662 86.9635 252.708 15.7375 98.2045 0.0170957 0.0175258 1 0 0.0170957 0 0 0
15 FEB 14 14 -7.85245 81.4487 261.98 18.4679 98.1686 0.00252826 0.00297286 0 0 0.00252826 0 0 0
15 FEB 14 15 -7.43719 79.837 292.454 19.9061 98.162 0.00340351 0.00259263 1 0 0.00340351 0 0 0
15 FEB 14 16 -8.71826 82.015 329.28 28.3701 98.1895 0.0947755 0.0892308 1 0 0.0947755 0 0 0
15 FEB 14 17 -10.305 73.8181 320.319 29.5931 98.222 0.0537593 0.0590925 1 0 0.0537593 0 0 0
15 FEB 14 18 -11.2639 72.8206 319.749 32.5162 98.2578 0.0260944 0.0256582 1 0 0.0260944 0 0 0
15 FEB 14 19 -13.2119 68.939 317.135 33.4146 98.2934 0.00466637 0.00612426 0 0 0.00466637 0 0 0
15 FEB 14 20 -13.876 68.9027 312.87 30.695 98.3351 0 0 0 0 0 0 0 0
15 FEB 14 21 -15.1408 72.3197 311.374 27.9396 98.3925 0 0 0 0 0 0 0 0
15 FEB 14 22 -15.4959 73.9118 302.035 22.3606 98.481 0 0 0 0 0 0 0 0
15 FEB 14 23 -15.4976 75.619 299.916 22.8699 98.5524 0.00353393 0.00300309 1 0 0.00353393 0 0 0
15 FEB 15 00 -15.6885 75.7816 314.991 35.742 98.6453 0.0261612 0.0245317 1 0 0.0261612 0 0 0
15 FEB 15 01 -16.147 77.1403 325.695 43.2649 98.7815 0.0738146 0.0722344 1 0 0.0738146 0 0 0
15 FEB 15 02 -17.7156 75.4311 329.706 45.7411 98.9288 0.0619266 0.0630648 1 0 0.0619266 0 0 0
15 FEB 15 03 -19.1378 74.4016 334.038 48.4819 99.0527 0.0472358 0.0475183 1 0 0.0472358 0 0 0
15 FEB 15 04 -20.3855 73.4942 337.825 50.341 99.1975 0.0469107 0.0471875 1 0 0.0469107 0 0 0
15 FEB 15 05 -21.8779 72.4536 338.799 50.9112 99.3578 0.0309038 0.0317899 1 0 0.0309038 0 0 0
YR MM DD HH T2M(C) RH% WDIR WS(km/h) PRESS(KPa) TPREC(mm) SNOWAC PTYPE RAIN SNOW FRAIN CPREC ICEPL
15 FEB 15 05 -21.8079 72.1718 338.483 51.552 99.4495 0.0340772 0.0345564 1 0 0.0340772 0 0 0
15 FEB 15 06 -23.3615 71.2641 336.15 50.5195 99.5273 0.0163945 0.0173692 1 0 0.0163945 0 0 0
15 FEB 15 07 -24.3768 70.2334 335.69 49.0737 99.6216 0.00260633 0.00293256 1 0 0.00260633 0 0 0
15 FEB 15 08 -25.2183 70.6248 336.337 46.4566 99.759 0.000912384 0.000889418 1 0 0.000912384 0 0 0
15 FEB 15 09 -26.0274 70.5336 338.327 44.4724 99.8961 0.000996692 0.00098885 1 0 0.000996692 0 0 0
15 FEB 15 10 -26.8916 69.8035 339.921 43.196 100.063 0.000971029 0.000983853 1 0 0.000971029 0 0 0
15 FEB 15 11 -27.6366 69.2386 339.045 41.5164 100.212 0.000668417 0.000684157 1 0 0.000668417 0 0 0
15 FEB 15 12 -27.9726 69.718 337.483 39.8052 100.345 0.000236282 0.000173196 1 0 0.000236282 0 0 0
15 FEB 15 13 -27.8811 69.544 337.097 37.2644 100.456 9.0766e-05 0 1 0 9.0766e-05 0 0 0
15 FEB 15 14 -27.287 70.2155 337.983 36.0563 100.556 8.77529e-05 0 1 0 8.77529e-05 0 0 0
15 FEB 15 15 -26.632 70.424 337.293 34.4241 100.664 0.000169215 0.000147733 1 0 0.000169215 0 0 0
15 FEB 15 16 -25.8955 70.8213 334.931 33.1321 100.702 0.000260896 0.000369798 1 0 0.000260896 0 0 0
15 FEB 15 17 -25.0509 71.0307 333.381 32.2542 100.698 0.000286569 0.000444121 1 0 0.000286569 0 0 0
15 FEB 15 18 -24.1653 71.0141 331.452 31.7202 100.704 0.00016226 0.000275028 1 0 0.00016226 0 0 0
15 FEB 15 19 -23.4034 70.8742 329.242 31.5661 100.7 0.000120106 0.000148094 1 0 0.000120106 0 0 0
15 FEB 15 20 -22.9575 70.7136 327.932 31.1301 100.692 2.73662e-05 0 1 0 2.73662e-05 0 0 0
15 FEB 15 21 -22.966 70.0897 325.523 30.4152 100.69 1.06417e-06 0 1 0 1.06417e-06 0 0 0
15 FEB 15 22 -23.4278 69.7681 323.531 28.6541 100.711 1.00095e-08 0 1 0 1.00095e-08 0 0 0
15 FEB 15 23 -24.4404 69.7173 321.402 26.9214 100.721 8.30133e-10 0 0 0 8.30133e-10 0 0 0
15 FEB 16 00 -24.9349 69.9044 323.381 26.9658 100.725 0 0 0 0 0 0 0 0
15 FEB 16 01 -25.1042 70.1693 325.957 26.4459 100.724 0 0 0 0 0 0 0 0
15 FEB 16 02 -24.9804 70.5591 325.225 25.882 100.736 6.81137e-10 0 1 0 6.81137e-10 0 0 0
15 FEB 16 03 -24.7001 70.8409 326.814 25.506 100.775 4.49221e-11 0 0 0 4.49221e-11 0 0 0
15 FEB 16 04 -24.5173 71.5976 327.597 23.9777 100.72 9.41864e-10 0 1 0 9.41864e-10 0 0 0
15 FEB 16 05 -24.4005 72.3504 326.475 21.0338 100.691 8.05618e-09 0 1 0 8.05618e-09 0 0 0
YR MM DD HH T2M(C) RH% WDIR WS(km/h) PRESS(KPa) TPREC(mm) SNOWAC PTYPE RAIN SNOW FRAIN CPREC ICEPL
15 FEB 16 05 -22.2576 70.5208 332.216 21.9522 100.838 0 0 0 0 0 0 0 0
15 FEB 16 06 -22.4824 70.7051 331.954 19.3066 100.841 0 0 0 0 0 0 0 0
15 FEB 16 07 -22.8154 70.9804 332.137 17.1257 100.81 0 0 0 0 0 0 0 0
15 FEB 16 08 -23.3666 71.4192 332.98 14.7743 100.76 0 0 0 0 0 0 0 0
15 FEB 16 09 -23.9634 71.9126 331.259 12.6845 100.723 0 0 0 0 0 0 0 0
15 FEB 16 10 -24.452 71.5725 326.935 10.7608 100.725 0 0 0 0 0 0 0 0
15 FEB 16 11 -24.6595 70.7084 322.153 9.07758 100.729 0 0 0 0 0 0 0 0
15 FEB 16 12 -24.7698 69.8075 309.146 7.96084 100.726 0 0 0 0 0 0 0 0
15 FEB 16 13 -24.2189 74.2199 297.634 6.28767 100.726 0 0 0 0 0 0 0 0
15 FEB 16 14 -22.7559 74.3962 294.429 5.18231 100.705 0 0 0 0 0 0 0 0
15 FEB 16 15 -21.276 71.7383 303.923 4.61181 100.665 0 0 0 0 0 0 0 0
15 FEB 16 16 -19.9388 72.0632 255.122 3.60472 100.572 0 0 0 0 0 0 0 0
15 FEB 16 17 -18.7341 72.2172 225.082 4.37894 100.496 0 0 0 0 0 0 0 0
15 FEB 16 18 -17.8175 71.3983 202.851 4.29337 100.403 0 0 0 0 0 0 0 0
15 FEB 16 19 -17.1909 72.7104 184.166 5.18139 100.281 0 0 0 0 0 0 0 0
15 FEB 16 20 -16.8588 73.985 186.744 7.13329 100.211 6.67142e-06 0 0 0 6.67142e-06 0 0 0
15 FEB 16 21 -16.912 74.4197 182.54 7.97949 100.135 3.97078e-06 0 0 0 3.97078e-06 0 0 0
15 FEB 16 22 -17.8764 78.1377 159.412 6.04304 100.032 0 0 0 0 0 0 0 0
15 FEB 16 23 -19.3644 77.5098 146.575 6.60534 99.9297 0 0 0 0 0 0 0 0
15 FEB 17 00 -19.8629 78.2395 153.005 6.10731 99.8882 0 0 0 0 0 0 0 0
15 FEB 17 01 -19.9523 72.6872 158.441 4.60178 99.831 0 0 0 0 0 0 0 0
15 FEB 17 02 -20.0455 69.4801 149.638 1.56707 99.7675 0 0 0 0 0 0 0 0
15 FEB 17 03 -20.0655 67.201 18.2343 1.83826 99.6982 0 0 0 0 0 0 0 0
15 FEB 17 04 -20.2913 67.3613 17.9671 4.32587 99.6082 0 0 0 0 0 0 0 0
15 FEB 17 05 -20.9086 68.8384 22.3354 6.61624 99.5419 0 0 0 0 0 0 0 0
YR MM DD HH T2M(C) RH% WDIR WS(km/h) PRESS(KPa) TPREC(mm) SNOWAC PTYPE RAIN SNOW FRAIN CPREC ICEPL
15 FEB 17 05 -17.9266 54.0057 321.314 3.07323 99.6107 0 0 0 0 0 0 0 0
15 FEB 17 06 -18.2513 55.1669 338.395 2.24009 99.5355 0 0 0 0 0 0 0 0
15 FEB 17 07 -18.3521 55.416 5.75443 2.4655 99.4516 0 0 0 0 0 0 0 0
15 FEB 17 08 -18.4003 55.4094 12.7198 3.38761 99.3944 0 0 0 0 0 0 0 0
15 FEB 17 09 -18.6349 56.6273 31.179 4.34356 99.3325 0 0 0 0 0 0 0 0
15 FEB 17 10 -19.1076 58.622 40.9531 5.11572 99.2919 0 0 0 0 0 0 0 0
15 FEB 17 11 -19.3863 60.0252 35.0404 5.39765 99.2654 0 0 0 0 0 0 0 0
15 FEB 17 12 -19.6881 61.8456 24.3273 5.41031 99.2391 0.000805998 0.000637058 1 0 0.000805998 0 0 0
15 FEB 17 13 -18.712 68.204 18.9837 4.71873 99.2462 0.00408215 0.00396577 1 0 0.00408215 0 0 0
15 FEB 17 14 -16.9715 75.1413 53.1463 2.96976 99.2495 0.0063318 0.00614968 1 0 0.0063318 0 0 0
15 FEB 17 15 -15.6452 83.1821 124.227 4.30133 99.2656 0.0115818 0.011251 1 0 0.0115818 0 0 0
15 FEB 17 16 -14.8804 90.539 166.897 5.75953 99.2471 0.0177532 0.0176124 1 0 0.0177532 0 0 0
15 FEB 17 17 -14.1118 90.0272 190.089 8.16144 99.2091 0.0125568 0.0130202 1 0 0.0125568 0 0 0
15 FEB 17 18 -13.4578 86.2988 200.754 10.4819 99.1589 0.00670247 0.00687452 1 0 0.00670247 0 0 0
15 FEB 17 19 -13.0547 81.4275 208.985 12.0209 99.1211 0.00305432 0.00323906 1 0 0.00305432 0 0 0
15 FEB 17 20 -12.7386 73.4519 214.542 13.0674 99.094 0.00021882 0.000281228 0 0 0.00021882 0 0 0
15 FEB 17 21 -12.6449 71.1371 215.738 12.7027 99.0456 0 0 0 0 0 0 0 0
15 FEB 17 22 -13.4216 76.4983 208.539 10.2935 99.0268 0 0 0 0 0 0 0 0
15 FEB 17 23 -14.9257 78.1239 204.139 10.9064 99.0276 0 0 0 0 0 0 0 0
15 FEB 18 00 -15.9344 78.3046 211.52 11.1294 99.0496 0 0 0 0 0 0 0 0
15 FEB 18 01 -16.5126 78.9566 219.331 9.70193 99.0638 0.000252978 0.000841107 1 0 0.000252978 0 0 0
15 FEB 18 02 -17.2923 80.1621 220.472 8.8058 99.0472 0.000591605 0.00143955 1 0 0.000591605 0 0 0
15 FEB 18 03 -18.0523 87.1796 222.785 6.88004 99.041 2.30312e-06 1.48383e-05 0 0 2.30312e-06 0 0 0
15 FEB 18 04 -17.8802 86.2699 191.395 3.63531 98.9829 0.00168448 0.00133602 1 0 0.00168448 0 0 0
15 FEB 18 05 -16.9594 84.3857 130.767 5.64557 98.9121 0.0207997 0.0193603 1 0 0.0207997 0 0 0
YR MM DD HH T2M(C) RH% WDIR WS(km/h) PRESS(KPa) TPREC(mm) SNOWAC PTYPE RAIN SNOW FRAIN CPREC ICEPL
15 FEB 18 05 -16.0727 83.5393 237.904 9.94241 98.9061 0.000313674 0.000274944 1 0 0.000313674 0 0 0
15 FEB 18 06 -15.6549 85.5669 228.191 8.23086 98.8549 0.00132774 0.0011285 1 0 0.00132774 0 0 0
15 FEB 18 07 -14.5706 85.3699 215.006 5.93323 98.8347 0.00919111 0.00875563 1 0 0.00919111 0 0 0
15 FEB 18 08 -14.5616 87.5739 177.143 4.05568 98.7842 0.00455524 0.00514379 1 0 0.00455524 0 0 0
15 FEB 18 09 -15.0849 90.0022 161.591 3.69189 98.7288 0.00671516 0.00631133 1 0 0.00671516 0 0 0
15 FEB 18 10 -15.0068 89.9275 130.926 1.67417 98.6856 0.0114719 0.0112565 1 0 0.0114719 0 0 0
15 FEB 18 11 -14.5432 88.2498 40.7272 2.10733 98.6644 0.0274988 0.0253035 1 0 0.0274988 0 0 0
15 FEB 18 12 -14.0193 86.9078 3.18355 3.29163 98.6535 0.0936915 0.0903952 1 0 0.0936915 0 0 0
15 FEB 18 13 -13.1075 87.1804 332.812 3.65277 98.6693 0.117451 0.117403 1 0 0.117451 0 0 0
15 FEB 18 14 -10.9961 88.3067 288.455 4.10494 98.671 0.0999033 0.102454 1 0 0.0999033 0 0 0
15 FEB 18 15 -9.3483 84.8804 258.124 9.18859 98.6662 0.0517274 0.0536919 1 0 0.0517274 0 0 0
15 FEB 18 16 -9.00757 80.4964 254.391 14.8326 98.6613 0.0206074 0.0219203 1 0 0.0206074 0 0 0
15 FEB 18 17 -9.08051 76.5772 259.034 16.7207 98.6454 0.00122197 0.00169984 0 0 0.00122197 0 0 0
15 FEB 18 18 -8.8486 75.3663 262.758 16.0045 98.6316 0.00150891 0.00122559 1 0 0.00150891 0 0 0
15 FEB 18 19 -8.40781 75.5798 269.042 14.1266 98.6103 0.0108875 0.00945141 1 0 0.0108875 0 0.000327807 0
15 FEB 18 20 -8.38568 80.037 296.693 12.7363 98.6107 0.10235 0.0919446 1 0 0.10235 0 0.0283178 0
15 FEB 18 21 -8.88391 85.2604 339.588 17.077 98.6395 0.351844 0.345467 1 0 0.351844 0 0.119454 0
15 FEB 18 22 -9.89337 83.4398 347.666 20.0177 98.7182 0.224557 0.236562 1 0 0.224557 0 0.0487597 0
15 FEB 18 23 -11.035 79.3959 341.734 19.3141 98.8166 0.0558989 0.0615811 1 0 0.0558989 0 0 0
15 FEB 19 00 -12.5999 79.6062 330.57 17.4009 98.8965 0.000637184 0.000971045 0 0 0.000637184 0 0 0
15 FEB 19 01 -15.0294 75.8566 314.991 18.0593 98.973 0 0 0 0 0 0 0 0
15 FEB 19 02 -16.6771 76.206 309.121 19.7311 99.0377 0 0 0 0 0 0 0 0
15 FEB 19 03 -17.5333 77.9327 306.709 20.6934 99.1006 0 0 0 0 0 0 0 0
15 FEB 19 04 -18.0167 78.1848 303.225 21.2516 99.1106 0 0 0 0 0 0 0 0
15 FEB 19 05 -18.5945 78.1267 301.262 20.8529 99.1132 0 0 0 0 0 0 0 0
YR MM DD HH T2M(C) RH% WDIR WS(km/h) PRESS(KPa) TPREC(mm) SNOWAC PTYPE RAIN SNOW FRAIN CPREC ICEPL
15 FEB 19 05 -14.6192 75.8689 320.551 24.8796 98.9338 0 0 0 0 0 0 0 0
15 FEB 19 06 -16.4224 77.4243 317.872 23.8854 98.9551 0.000213081 0.00044409 1 0 0.000213081 0 0 0
15 FEB 19 07 -17.0632 78.4478 316.918 22.8819 99.0288 0.000931037 0.000920153 1 0 0.000931037 0 0 0
15 FEB 19 08 -17.4994 78.5797 317.9 22.252 99.0889 0.000404286 0.000401317 1 0 0.000404286 0 0 0
15 FEB 19 09 -18.0412 77.4366 320.261 22.0695 99.1465 3.75653e-05 9.4245e-05 0 0 3.75653e-05 0 0 0
15 FEB 19 10 -19.0429 75.9067 320.309 21.5357 99.2146 0 0 0 0 0 0 0 0
15 FEB 19 11 -20.0921 75.9948 319.386 20.9092 99.2902 2.85151e-09 0 1 0 2.85151e-09 0 0 0
15 FEB 19 12 -21.1079 75.4758 318.223 21.0549 99.3488 1.42674e-08 0 1 0 1.42674e-08 0 0 0
15 FEB 19 13 -21.4723 74.8165 317.756 22.6453 99.4309 2.54068e-08 0 1 0 2.54068e-08 0 0 0
15 FEB 19 14 -21.0713 73.9262 320.679 24.4529 99.4834 2.13488e-08 0 1 0 2.13488e-08 0 0 0
15 FEB 19 15 -20.4548 73.2219 321.408 24.809 99.5359 1.68785e-08 0 1 0 1.68785e-08 0 0 0
15 FEB 19 16 -19.8434 72.339 317.311 25.2402 99.5768 2.66094e-05 1.25978e-05 1 0 2.66094e-05 0 0 0
15 FEB 19 17 -19.377 70.8795 312.289 26.69 99.6178 4.21938e-06 0 0 0 4.21938e-06 0 0 0
15 FEB 19 18 -19.0913 68.9161 308.792 28.4794 99.6463 0 0 0 0 0 0 0 0
15 FEB 19 19 -19.3545 66.6718 306.689 31.0406 99.672 0 0 0 0 0 0 0 0
15 FEB 19 20 -19.8745 66.0314 303.902 32.2034 99.7001 0 0 0 0 0 0 0 0
15 FEB 19 21 -20.6828 66.2939 302.377 32.3211 99.7262 0 0 0 0 0 0 0 0
15 FEB 19 22 -21.7706 66.9766 302.775 31.482 99.7684 7.00125e-06 0 0 0 7.00125e-06 0 0 0
15 FEB 19 23 -23.0828 68.308 302.169 29.6845 99.8337 3.04199e-09 0 1 0 3.04199e-09 0 0 0
15 FEB 20 00 -23.8128 69.106 302.414 30.1879 99.8825 1.0402e-05 0 1 0 1.0402e-05 0 0 0
15 FEB 20 01 -24.2445 69.8909 303.981 29.3002 99.9125 6.99591e-06 0 1 0 6.99591e-06 0 0 0
15 FEB 20 02 -24.2868 70.3559 305.765 28.6753 99.9291 5.82326e-06 0 1 0 5.82326e-06 0 0 0
15 FEB 20 03 -24.2108 71.1294 306.924 27.8156 99.9463 5.31231e-05 0 1 0 5.31231e-05 0 0 0
15 FEB 20 04 -24.1463 71.408 305.714 26.5909 99.9656 0.000105744 8.20883e-05 1 0 0.000105744 0 0 0
15 FEB 20 05 -24.0827 71.4385 303.923 25.6377 99.9821 7.05433e-05 0 1 0 7.05433e-05 0 0 0
YR MM DD HH T2M(C) RH% WDIR WS(km/h) PRESS(KPa) TPREC(mm) SNOWAC PTYPE RAIN SNOW FRAIN CPREC ICEPL
15 FEB 20 05 -22.789 69.2539 308.608 23.799 100.027 0 0 0 0 0 0 0 0
15 FEB 20 06 -23.0139 70.204 310.203 23.1844 100.057 0 0 0 0 0 0 0 0
15 FEB 20 07 -23.3265 70.2285 309.64 22.7465 100.086 0 0 0 0 0 0 0 0
15 FEB 20 08 -23.7346 70.082 307.265 21.9711 100.124 0 0 0 0 0 0 0 0
15 FEB 20 09 -24.1131 69.9827 305.473 21.7392 100.163 0 0 0 0 0 0 0 0
15 FEB 20 10 -24.4641 69.8616 303.066 20.4022 100.232 0 0 0 0 0 0 0 0
15 FEB 20 11 -24.7999 69.9962 299.081 18.0315 100.296 0 0 0 0 0 0 0 0
15 FEB 20 12 -25.19 70.4586 294.667 16.4749 100.37 0 0 0 0 0 0 0 0
15 FEB 20 13 -24.6865 71.2826 291.039 16.2777 100.459 0 0 0 0 0 0 0 0
15 FEB 20 14 -23.3421 71.3538 287.513 15.7358 100.523 0 0 0 0 0 0 0 0
15 FEB 20 15 -21.5867 70.1973 283.532 15.3947 100.579 0 0 0 0 0 0 0 0
15 FEB 20 16 -20.0845 68.6657 276.152 14.811 100.588 0 0 0 0 0 0 0 0
15 FEB 20 17 -19.0263 68.3116 264.668 15.131 100.572 0 0 0 0 0 0 0 0
15 FEB 20 18 -18.329 69.7003 251.119 16.3909 100.549 0 0 0 0 0 0 0 0
15 FEB 20 19 -17.9799 69.5857 240.903 18.2195 100.53 0 0 0 0 0 0 0 0
15 FEB 20 20 -17.8569 68.704 236.316 19.1786 100.511 0 0 0 0 0 0 0 0
15 FEB 20 21 -17.9041 68.6627 233.578 18.47 100.489 0 0 0 0 0 0 0 0
15 FEB 20 22 -18.4136 71.5233 227.531 15.4999 100.473 0 0 0 0 0 0 0 0
15 FEB 20 23 -20.7691 72.4605 211.591 12.3437 100.449 0 0 0 0 0 0 0 0
15 FEB 21 00 -21.3122 76.6851 200.787 10.3571 100.451 8.85946e-09 0 0 0 8.85946e-09 0 0 0
15 FEB 21 01 -19.9009 79.0617 192.91 10.7017 100.437 0 0 0 0 0 0 0 0
15 FEB 21 02 -18.8567 79.8062 187.342 11.5816 100.387 0 0 0 0 0 0 0 0
15 FEB 21 03 -18.3395 79.6939 178.564 11.4431 100.34 0 0 0 0 0 0 0 0
15 FEB 21 04 -17.9628 79.2187 165.188 11.4197 100.276 2.09185e-09 0 1 0 2.09185e-09 0 0 0
15 FEB 21 05 -17.5304 79.8492 153.196 12.0503 100.215 1.25876e-06 0 1 0 1.25876e-06 0 0 0
YR MM DD HH T2M(C) RH% WDIR WS(km/h) PRESS(KPa) TPREC(mm) SNOWAC PTYPE RAIN SNOW FRAIN CPREC ICEPL
15 FEB 21 05 -15.9384 78.1303 183.902 12.5217 100.291 0 0 0 0 0 0 0 0
15 FEB 21 06 -15.0803 80.2123 180.14 12.5961 100.179 0 0 0 0 0 0 0 0
15 FEB 21 07 -14.4504 81.3532 181.939 12.7126 100.107 0 0 0 0 0 0 0 0
15 FEB 21 08 -14.0261 82.5442 181.238 12.4711 100.048 0 0 0 0 0 0 0 0
15 FEB 21 09 -13.4532 83.6006 179.689 11.8653 99.9995 0 0 0 0 0 0 0 0
15 FEB 21 10 -12.7556 84.1261 173.308 11.327 99.9017 0.00182618 0.00132241 1 0 0.00182618 0 0 0
15 FEB 21 11 -12.0644 84.9804 170.902 11.6838 99.8255 0.0336162 0.0320801 1 0 0.0336162 0 0 0
15 FEB 21 12 -11.46 86.8664 170.252 11.8896 99.7519 0.100405 0.0942022 1 0 0.100405 0 0 0
15 FEB 21 13 -10.5648 88.0117 170.302 12.5626 99.7121 0.146084 0.144899 1 0 0.146084 0 0 0
15 FEB 21 14 -9.59006 88.0843 169.199 12.7539 99.644 0.209767 0.208534 1 0 0.209767 0 0 0
15 FEB 21 15 -8.69641 88.2285 170.412 11.06 99.6532 0.221331 0.219116 1 0 0.221331 0 0 0
15 FEB 21 16 -7.99451 88.0686 164.785 9.44774 99.5871 0.274098 0.271785 1 0 0.274098 0 0 0
15 FEB 21 17 -7.36343 88.6929 145.793 8.51388 99.5076 0.327628 0.325654 1 0 0.327628 0 0 0
15 FEB 21 18 -6.69962 89.2515 136.34 8.97866 99.4449 0.333537 0.335511 1 0 0.333537 0 0 0
15 FEB 21 19 -6.17816 89.1786 135.852 8.28058 99.3864 0.264329 0.268016 1 0 0.264329 0 0 0
15 FEB 21 20 -5.81229 88.7258 139.632 6.78863 99.3582 0.189953 0.193972 1 0 0.189953 0 0 0
15 FEB 21 21 -5.69186 90.5281 139.315 4.41612 99.3399 0.168977 0.16417 1 0 0.168977 0 0 0
15 FEB 21 22 -5.63504 92.5266 112.806 3.75314 99.3273 0.266898 0.268188 1 0 0.266898 0 0 0
15 FEB 21 23 -6.23126 94.0502 80.6538 3.91283 99.3487 0.163313 0.167179 1 0 0.163313 0 0 0
15 FEB 22 00 -6.33072 94.3004 85.1821 3.65862 99.4234 0.128764 0.129839 1 0 0.128764 0 0 0
15 FEB 22 01 -6.46774 94.284 47.6437 2.78299 99.4641 0.0791728 0.083819 1 0 0.0791728 0 0 0
15 FEB 22 02 -7.25647 97.5205 348.088 5.24901 99.5172 0.00717062 0.00831216 1 0 0.00717062 0 0 0
15 FEB 22 03 -7.94839 97.4396 343.763 8.32285 99.5697 0.00903337 0.00863599 1 0 0.00903337 0 0 0
15 FEB 22 04 -8.84598 93.9455 349.213 10.3656 99.6066 0.0129907 0.0131576 1 0 0.0129907 0 0 0
15 FEB 22 05 -11.3452 89.4327 341.315 11.9585 99.659 0.0030001 0.00347771 1 0 0.0030001 0 0 0
