YR MM DD HH T2M(C) RH% WDIR WS(km/h) PRESS(KPa) TPREC(mm) SNOWAC PTYPE RAIN SNOW FRAIN CPREC ICEPL
15 FEB 05 05 -9.05869 81.244 327.504 22.1294 99.7217 0 0 0 0 0 0 0 0
15 FEB 05 06 -10.2751 79.4886 326.631 23.7699 99.7911 0 0 0 0 0 0 0 0
15 FEB 05 07 -12.2386 72.8805 325.462 26.548 99.8702 0 0 0 0 0 0 0 0
15 FEB 05 08 -14.14 71.2568 321.114 24.6534 99.9675 0 0 0 0 0 0 0 0
15 FEB 05 09 -15.8531 72.0271 315.92 22.6396 100.062 0 0 0 0 0 0 0 0
15 FEB 05 10 -16.4973 71.5656 315.282 22.6159 100.136 0 0 0 0 0 0 0 0
15 FEB 05 11 -16.9953 70.8502 313.336 23.0124 100.201 0 0 0 0 0 0 0 0
15 FEB 05 12 -17.7666 70.3742 311.954 22.1187 100.288 0 0 0 0 0 0 0 0
15 FEB 05 13 -18.2687 71.8634 314.6 21.7854 100.383 0 0 0 0 0 0 0 0
15 FEB 05 14 -17.5492 76.8578 318.909 22.1673 100.483 0.000193583 0.000135119 1 0 0.000193583 0 0 0
15 FEB 05 15 -16.4305 78.4814 323.628 20.3396 100.576 0.000382244 0.000429472 1 0 0.000382244 0 0 0
15 FEB 05 16 -15.2414 77.9707 329.081 19.2604 100.632 0.000106275 0.000122406 1 0 0.000106275 0 0 0
15 FEB 05 17 -14.2505 75.3673 329.758 18.3894 100.654 0.000573418 0.000822975 1 0 0.000573418 0 0 0
15 FEB 05 18 -13.7979 73.3831 324.829 16.4196 100.663 0.000611443 0.000852908 0 0 0.000611443 0 0 0
15 FEB 05 19 -13.8596 70.4909 312.811 15.5288 100.657 0 0 0 0 0 0 0 0
15 FEB 05 20 -13.8164 69.6498 295.817 15.4313 100.621 0 0 0 0 0 0 0 0
15 FEB 05 21 -14.2063 69.634 288.661 14.4466 100.577 0 0 0 0 0 0 0 0
15 FEB 05 22 -15.7448 70.9277 279.855 10.496 100.577 0 0 0 0 0 0 0 0
15 FEB 05 23 -17.0319 69.067 261.576 10.9927 100.557 0 0 0 0 0 0 0 0
15 FEB 06 00 -17.7271 76.7461 244.449 10.4393 100.52 0.000199122 0.000142784 1 0 0.000199122 0 0 0
15 FEB 06 01 -18.5204 80.8204 239.963 11.6554 100.487 0.000106852 0.000182615 1 0 0.000106852 0 0 0
15 FEB 06 02 -18.9047 80.1537 242.607 13.4329 100.455 6.29269e-08 0 1 0 6.29269e-08 0 0 0
15 FEB 06 03 -17.5953 80.897 235.228 16.2003 100.377 2.13662e-07 0 1 0 2.13662e-07 0 0 0
15 FEB 06 04 -16.7085 81.6297 228.504 20.1312 100.256 9.13234e-07 0 1 0 9.13234e-07 0 0 0
15 FEB 06 05 -16.0191 81.2417 227.814 23.3558 100.142 5.7882e-06 0 1 0 5.7882e-06 0 0 0
