YR MM DD HH T2M(C) RH% WDIR WS(km/h) PRESS(KPa) TPREC(mm) SNOWAC PTYPE RAIN SNOW FRAIN CPREC ICEPL
15 FEB 19 05 -14.6192 75.8689 320.551 24.8796 98.9338 0 0 0 0 0 0 0 0
15 FEB 19 06 -16.4224 77.4243 317.872 23.8854 98.9551 0.000213081 0.00044409 1 0 0.000213081 0 0 0
15 FEB 19 07 -17.0632 78.4478 316.918 22.8819 99.0288 0.000931037 0.000920153 1 0 0.000931037 0 0 0
15 FEB 19 08 -17.4994 78.5797 317.9 22.252 99.0889 0.000404286 0.000401317 1 0 0.000404286 0 0 0
15 FEB 19 09 -18.0412 77.4366 320.261 22.0695 99.1465 3.75653e-05 9.4245e-05 0 0 3.75653e-05 0 0 0
15 FEB 19 10 -19.0429 75.9067 320.309 21.5357 99.2146 0 0 0 0 0 0 0 0
15 FEB 19 11 -20.0921 75.9948 319.386 20.9092 99.2902 2.85151e-09 0 1 0 2.85151e-09 0 0 0
15 FEB 19 12 -21.1079 75.4758 318.223 21.0549 99.3488 1.42674e-08 0 1 0 1.42674e-08 0 0 0
15 FEB 19 13 -21.4723 74.8165 317.756 22.6453 99.4309 2.54068e-08 0 1 0 2.54068e-08 0 0 0
15 FEB 19 14 -21.0713 73.9262 320.679 24.4529 99.4834 2.13488e-08 0 1 0 2.13488e-08 0 0 0
15 FEB 19 15 -20.4548 73.2219 321.408 24.809 99.5359 1.68785e-08 0 1 0 1.68785e-08 0 0 0
15 FEB 19 16 -19.8434 72.339 317.311 25.2402 99.5768 2.66094e-05 1.25978e-05 1 0 2.66094e-05 0 0 0
15 FEB 19 17 -19.377 70.8795 312.289 26.69 99.6178 4.21938e-06 0 0 0 4.21938e-06 0 0 0
15 FEB 19 18 -19.0913 68.9161 308.792 28.4794 99.6463 0 0 0 0 0 0 0 0
15 FEB 19 19 -19.3545 66.6718 306.689 31.0406 99.672 0 0 0 0 0 0 0 0
15 FEB 19 20 -19.8745 66.0314 303.902 32.2034 99.7001 0 0 0 0 0 0 0 0
15 FEB 19 21 -20.6828 66.2939 302.377 32.3211 99.7262 0 0 0 0 0 0 0 0
15 FEB 19 22 -21.7706 66.9766 302.775 31.482 99.7684 7.00125e-06 0 0 0 7.00125e-06 0 0 0
15 FEB 19 23 -23.0828 68.308 302.169 29.6845 99.8337 3.04199e-09 0 1 0 3.04199e-09 0 0 0
15 FEB 20 00 -23.8128 69.106 302.414 30.1879 99.8825 1.0402e-05 0 1 0 1.0402e-05 0 0 0
15 FEB 20 01 -24.2445 69.8909 303.981 29.3002 99.9125 6.99591e-06 0 1 0 6.99591e-06 0 0 0
15 FEB 20 02 -24.2868 70.3559 305.765 28.6753 99.9291 5.82326e-06 0 1 0 5.82326e-06 0 0 0
15 FEB 20 03 -24.2108 71.1294 306.924 27.8156 99.9463 5.31231e-05 0 1 0 5.31231e-05 0 0 0
15 FEB 20 04 -24.1463 71.408 305.714 26.5909 99.9656 0.000105744 8.20883e-05 1 0 0.000105744 0 0 0
15 FEB 20 05 -24.0827 71.4385 303.923 25.6377 99.9821 7.05433e-05 0 1 0 7.05433e-05 0 0 0
