YR MM DD HH T2M(C) RH% WDIR WS(km/h) PRESS(KPa) TPREC(mm) SNOWAC PTYPE RAIN SNOW FRAIN CPREC ICEPL
15 FEB 10 05 -14.2036 85.5589 355.544 11.372 100.117 8.58438e-06 0.000159622 1 0 8.58438e-06 0 0 0
15 FEB 10 06 -14.4083 85.5682 356.752 10.9997 100.136 2.61131e-09 0 1 0 2.61131e-09 0 0 0
15 FEB 10 07 -14.7488 85.5775 358.467 10.4539 100.145 1.21719e-08 0 1 0 1.21719e-08 0 0 0
15 FEB 10 08 -14.834 85.4296 358.092 10.0864 100.145 3.81905e-08 0 1 0 3.81905e-08 0 0 0
15 FEB 10 09 -15.3621 85.0005 352.146 11.109 100.203 1.70382e-07 0 1 0 1.70382e-07 0 0 0
15 FEB 10 10 -15.6237 84.7858 346.455 10.3068 100.233 7.00043e-08 0 1 0 7.00043e-08 0 0 0
15 FEB 10 11 -15.8566 84.6768 345.384 10.6475 100.247 3.26851e-08 0 1 0 3.26851e-08 0 0 0
15 FEB 10 12 -15.8807 83.7682 346.737 12.9957 100.328 3.19843e-08 0 1 0 3.19843e-08 0 0 0
15 FEB 10 13 -15.3892 83.8045 348.451 13.2953 100.367 7.5642e-08 0 1 0 7.5642e-08 0 0 0
15 FEB 10 14 -13.6762 84.4606 353.032 12.895 100.379 2.34069e-07 0 1 0 2.34069e-07 0 0 0
15 FEB 10 15 -12.047 83.7696 2.56346 14.6563 100.443 2.61133e-07 0 1 0 2.61133e-07 0 0 0
15 FEB 10 16 -10.7653 83.0704 11.1121 15.8488 100.47 1.24956e-05 1.18045e-05 1 0 1.24956e-05 0 0 0
15 FEB 10 17 -9.87811 82.1606 18.112 15.0646 100.469 1.03204e-05 2.09814e-05 0 0 1.03204e-05 0 0 0
15 FEB 10 18 -9.19296 82.7853 20.9766 13.1206 100.476 1.22052e-06 0 0 0 1.22052e-06 0 0 0
15 FEB 10 19 -8.61237 83.4158 23.1572 11.3338 100.474 0 0 0 0 0 0 0 0
15 FEB 10 20 -8.31021 83.8094 33.2546 9.31486 100.433 1.8452e-05 2.35977e-05 1 0 1.8452e-05 0 0 0
15 FEB 10 21 -8.3829 86.1494 39.2613 7.64741 100.401 0.000562965 0.00050364 1 0 0.000562965 0 0 0
15 FEB 10 22 -9.25247 88.8949 38.3127 6.65004 100.401 0.00112315 0.00111167 1 0 0.00112315 0 0 0
15 FEB 10 23 -9.99564 94.0355 36.4796 7.48338 100.401 0.00141874 0.00140156 1 0 0.00141874 0 0 0
15 FEB 11 00 -10.4272 94.3427 29.7226 7.76822 100.415 0.00161227 0.00160167 1 0 0.00161227 0 0 0
15 FEB 11 01 -10.768 92.8822 24.618 7.68409 100.416 0.00187529 0.00186237 1 0 0.00187529 0 0 0
15 FEB 11 02 -11.0476 91.1368 28.6117 7.51857 100.413 0.00223451 0.00221269 1 0 0.00223451 0 0 0
15 FEB 11 03 -11.0978 89.8897 38.374 6.92822 100.402 0.00226749 0.00229236 1 0 0.00226749 0 0 0
15 FEB 11 04 -11.4966 90.7763 47.1502 7.47286 100.361 0.00170125 0.00171912 1 0 0.00170125 0 0 0
15 FEB 11 05 -11.873 92.4799 60.5501 7.75994 100.331 0.00219932 0.00212296 1 0 0.00219932 0 0 0
