YR MM DD HH T2M(C) RH% WDIR WS(km/h) PRESS(KPa) TPREC(mm) SNOWAC PTYPE RAIN SNOW FRAIN CPREC ICEPL
15 FEB 07 05 -7.19427 88.8309 247.558 11.5149 99.6386 0 0 0 0 0 0 0 0
15 FEB 07 06 -6.84964 89.4564 252.413 10.6446 99.6591 0 0 0 0 0 0 0 0
15 FEB 07 07 -6.52499 89.925 254.941 9.42077 99.6684 2.78518e-05 2.37385e-05 1 0 2.78518e-05 0 0 0
15 FEB 07 08 -6.44962 90.6397 244.589 8.95939 99.6505 0.00947584 0.00875737 1 0 0.00947584 0 0 0
15 FEB 07 09 -6.2475 91.5208 235.454 8.28628 99.6363 0.0263205 0.0250614 1 0 0.0263205 0 0 0
15 FEB 07 10 -6.15146 92.0922 220.562 6.19557 99.6196 0.081121 0.0760545 1 0 0.081121 0 0 0
15 FEB 07 11 -6.04462 93.8842 181.982 4.55475 99.6131 0.302968 0.287656 1 0 0.302968 0 0 0
15 FEB 07 12 -6.02805 94.1531 165.841 6.19827 99.5789 0.576521 0.566501 1 0 0.576521 0 0 0
15 FEB 07 13 -5.69479 93.9259 173.163 7.73181 99.5532 0.572414 0.581454 1 0 0.572414 0 0 0
15 FEB 07 14 -5.09949 93.3577 177.273 7.80537 99.5244 0.372907 0.379529 1 0 0.372907 0 0 0
15 FEB 07 15 -4.5101 93.6635 169.047 6.85997 99.5307 0.424757 0.418565 1 0 0.424757 0 0 0
15 FEB 07 16 -3.8186 93.2653 163.356 8.08925 99.4723 0.331828 0.346272 1 0 0.331828 0 0 0
15 FEB 07 17 -3.02658 93.1112 146.534 8.64668 99.399 0.0624026 0.0704337 1 0 0.0624026 0 0 0
15 FEB 07 18 -2.4826 93.2142 122.816 10.2231 99.3681 0.00809414 0.0079893 1 0 0.00809414 0 0 0
15 FEB 07 19 -2.36838 93.4722 124.419 12.7497 99.3228 0.0167833 0.016255 1 0 0.0167833 0 0 0
15 FEB 07 20 -2.62015 93.7077 130.979 14.8569 99.2521 0.0205134 0.0207865 1 0 0.0205134 0 0 0
15 FEB 07 21 -2.86362 94.1779 121.417 14.4527 99.2171 0.0141122 0.0143465 1 0 0.0141122 0 0 0
15 FEB 07 22 -3.08542 95.5423 104.99 15.073 99.2056 0.0199695 0.0185836 1 0 0.0199695 0 0 0
15 FEB 07 23 -4.02023 96.3291 92.8339 16.9403 99.1944 0.105452 0.0986585 1 0 0.105452 0 0 0
15 FEB 08 00 -5.3671 94.4771 84.5471 18.5643 99.1967 0.135147 0.13983 1 0 0.135147 0 0 0
15 FEB 08 01 -6.47354 93.0785 80.4616 19.6897 99.1662 0.0637514 0.0649964 1 0 0.0637514 0 0 0
15 FEB 08 02 -7.06339 92.4269 75.7777 19.8027 99.1981 0.0672437 0.066122 1 0 0.0672437 0 0 0
15 FEB 08 03 -7.69034 91.453 80.5095 22.104 99.2074 0.0663942 0.0673334 1 0 0.0663942 0 0 0
15 FEB 08 04 -8.71951 90.3274 84.1053 22.2943 99.1678 0.0519908 0.052577 1.23254 0 0.0519908 0 0 0.051237
15 FEB 08 05 -9.47668 90.0558 84.294 22.7486 99.153 0.0840575 0.0613397 1.23254 0 0.0840575 0 0 0.0599166
