YR MM DD HH T2M(C) RH% WDIR WS(km/h) PRESS(KPa) TPREC(mm) SNOWAC PTYPE RAIN SNOW FRAIN CPREC ICEPL
15 FEB 06 05 -13.7566 80.3197 230.001 19.6853 100.028 0 0 0 0 0 0 0 0
15 FEB 06 06 -13.5709 79.4054 230.248 21.2044 99.9516 0 0 0 0 0 0 0 0
15 FEB 06 07 -14.0787 79.3471 227.408 21.9497 99.8729 0 0 0 0 0 0 0 0
15 FEB 06 08 -13.9805 81.2018 229.675 21.7398 99.8043 0 0 0 0 0 0 0 0
15 FEB 06 09 -12.5382 81.2116 237.407 22.1805 99.7031 0.00420468 0.00334684 1 0 0.00420468 0 0 0
15 FEB 06 10 -11.6494 80.7384 248.989 26.4615 99.6078 0.0411207 0.0394992 1 0 0.0411207 0 0 0
15 FEB 06 11 -12.4774 78.7038 261.77 24.2065 99.6617 0.0175041 0.0199792 0 0 0.0175041 0 0 0
15 FEB 06 12 -13.2749 79.5173 263.021 21.6144 99.7194 0.00050924 0.000502841 0 0 0.00050924 0 0 0
15 FEB 06 13 -13.8209 79.7294 254.968 21.9821 99.66 0 0 0 0 0 0 0 0
15 FEB 06 14 -13.1454 80.1692 255.638 23.6812 99.6695 0 0 0 0 0 0 0 0
15 FEB 06 15 -12.1216 80.6458 265.547 22.5509 99.8248 0 0 0 0 0 0 0 0
15 FEB 06 16 -10.947 81.7196 266.436 21.4355 99.8191 0 0 0 0 0 0 0 0
15 FEB 06 17 -9.59894 83.0792 264.329 21.9527 99.7705 0 0 0 0 0 0 0 0
15 FEB 06 18 -8.57455 83.5267 263.685 22.345 99.7265 0 0 0 0 0 0 0 0
15 FEB 06 19 -7.66687 82.2873 269.648 21.2091 99.7813 0 0 0 0 0 0 0 0
15 FEB 06 20 -7.36325 81.9295 268.803 19.9015 99.7895 0 0 0 0 0 0 0 0
15 FEB 06 21 -7.84708 83.2513 257.62 18.0692 99.7382 0 0 0 0 0 0 0 0
15 FEB 06 22 -9.03644 84.118 253.256 18.6118 99.7758 0 0 0 0 0 0 0 0
15 FEB 06 23 -10.8541 83.7582 256.613 16.9667 99.8218 0 0 0 0 0 0 0 0
15 FEB 07 00 -11.4592 84.8806 256.881 13.7114 99.8456 9.7756e-05 0.000230792 1 0 9.7756e-05 0 0 0
15 FEB 07 01 -11.4455 86.0326 252.546 11.9892 99.866 0.000716292 0.000675871 1 0 0.000716292 0 0 0
15 FEB 07 02 -10.4085 87.0709 254.415 12.2966 99.9066 0.00127875 0.00122427 1 0 0.00127875 0 0 0
15 FEB 07 03 -9.62161 87.9965 254.797 12.0258 99.9146 0.000673103 0.000654472 1 0 0.000673103 0 0 0
15 FEB 07 04 -9.10364 88.6676 248.841 11.376 99.8716 0.000219402 0.00021979 1 0 0.000219402 0 0 0
15 FEB 07 05 -9.35657 88.7398 241.005 10.4679 99.8009 1.81644e-05 0 1 0 1.81644e-05 0 0 0
