YR MM DD HH T2M(C) RH% WDIR WS(km/h) PRESS(KPa) TPREC(mm) SNOWAC PTYPE RAIN SNOW FRAIN CPREC ICEPL
15 JAN 30 05 -3.26181 88.7938 312.759 21.8794 101.119 0.0040772 0.00422456 1 0 0.0040772 0 0 0
15 JAN 30 06 -3.90161 87.9174 318.527 21.7466 101.189 0.0037912 0.00396696 1 0 0.0037912 0 0 0
15 JAN 30 07 -3.92902 87.7933 329.831 26.3258 101.277 0.00896261 0.00854053 1 0 0.00896261 0 0 0
15 JAN 30 08 -6.03281 85.556 333.049 31.1039 101.408 0.00417404 0.00457988 1 0 0.00417404 0 0 0
15 JAN 30 09 -9.08984 82.7278 331.462 33.5282 101.558 0.000966117 0.00105488 1 0 0.000966117 0 0 0
15 JAN 30 10 -11.4647 79.6681 328.69 35.8138 101.764 0.00106796 0.00115516 1 0 0.00106796 0 0 0
15 JAN 30 11 -13.0901 77.8505 329.033 37.419 101.934 0.000103546 7.07478e-05 1 0 0.000103546 0 0 0
15 JAN 30 12 -14.6083 76.7891 332.446 38.6065 102.081 0.000245566 0.000156167 1 0 0.000245566 0 0 0
15 JAN 30 13 -15.667 76.7581 334.888 38.1708 102.235 0.000644857 0.000605247 1 0 0.000644857 0 0 0
15 JAN 30 14 -16.0126 76.2354 334.562 39.6763 102.365 0.000775836 0.000754146 1 0 0.000775836 0 0 0
15 JAN 30 15 -16.4347 76.0696 335.279 39.8192 102.485 0.000662042 0.0006569 1 0 0.000662042 0 0 0
15 JAN 30 16 -16.3337 75.3386 336.043 38.4719 102.545 0.000232547 0.000482228 1 0 0.000232547 0 0 0
15 JAN 30 17 -15.8781 75.36 335.333 36.1323 102.597 9.99304e-05 0 1 0 9.99304e-05 0 0 0
15 JAN 30 18 -15.3963 74.9628 332.616 34.2865 102.658 1.33337e-06 0 0 0 1.33337e-06 0 0 0
15 JAN 30 19 -15.104 74.0005 329.189 32.8451 102.716 0 0 0 0 0 0 0 0
15 JAN 30 20 -15.0515 73.8672 327.219 30.7766 102.732 0 0 0 0 0 0 0 0
15 JAN 30 21 -15.3639 73.5078 324.403 29.3223 102.775 0 0 0 0 0 0 0 0
15 JAN 30 22 -16.0949 73.1498 320.861 26.3111 102.859 0 0 0 0 0 0 0 0
15 JAN 30 23 -17.0173 73.6487 317.553 23.2901 102.929 0 0 0 0 0 0 0 0
15 JAN 31 00 -17.5304 74.2658 317.41 21.5988 102.982 0 0 0 0 0 0 0 0
15 JAN 31 01 -17.8638 74.7494 317.585 19.4295 103.024 0 0 0 0 0 0 0 0
15 JAN 31 02 -18.0791 75.3394 319.401 16.4313 103.045 0 0 0 0 0 0 0 0
15 JAN 31 03 -18.3258 76.0764 321.78 13.1334 103.038 0 0 0 0 0 0 0 0
15 JAN 31 04 -18.6227 76.7077 316.951 10.4961 103.034 0 0 0 0 0 0 0 0
15 JAN 31 05 -18.85 77.2026 305.328 9.9207 103.038 0 0 0 0 0 0 0 0
