YR MM DD HH T2M(C) RH% WDIR WS(km/h) PRESS(KPa) TPREC(mm) SNOWAC PTYPE RAIN SNOW FRAIN CPREC ICEPL
15 FEB 04 05 -7.98584 90.2012 227.005 10.2616 99.843 0.0496953 0.0451121 1 0 0.0496953 0 0 0
15 FEB 04 06 -7.49268 92.0344 202.25 8.96803 99.7638 0.127823 0.12564 1 0 0.127823 0 0 0
15 FEB 04 07 -7.10297 92.8233 187.534 8.7106 99.6976 0.150958 0.150351 1 0 0.150958 0 0 0
15 FEB 04 08 -6.66345 93.296 185.56 8.93379 99.6077 0.166417 0.166132 1 0 0.166417 0 0 0
15 FEB 04 09 -6.22305 93.8471 187.505 9.47389 99.5049 0.131659 0.133526 1 0 0.131659 0 0 0
15 FEB 04 10 -5.78189 94.1709 195.972 9.65474 99.4338 0.0951392 0.0955015 1 0 0.0951392 0 0 0
15 FEB 04 11 -5.43655 94.0729 207.59 9.58315 99.4098 0.115787 0.119352 1 0 0.115787 0 0 0
15 FEB 04 12 -5.61847 94.5953 211.528 9.0851 99.3467 0.0350611 0.0358379 1 0 0.0350611 0 0 0
15 FEB 04 13 -5.10339 94.6648 216.478 8.17874 99.302 0.0249377 0.0250716 1 0 0.0249377 0 0 0
15 FEB 04 14 -3.72156 94.34 223.409 8.20198 99.2787 0.0387255 0.0374412 1 0 0.0387255 0 0 0
15 FEB 04 15 -2.66534 93.7767 234.168 9.12263 99.2787 0.0685375 0.0669358 1 0 0.0685375 0 0 0
15 FEB 04 16 -1.81879 92.6999 244.933 9.49806 99.2366 0.0811677 0.0812666 1 0 0.0811677 0 0 0
15 FEB 04 17 -1.19107 86.1153 256.036 11.0897 99.1949 0.080808 0.0806039 1 0 0.080808 0 0 0
15 FEB 04 18 -0.957916 84.7998 270.291 13.5278 99.168 0.088834 0.0888289 1 0 0.088834 0 0 0
15 FEB 04 19 -0.95755 83.8033 279.572 15.751 99.1482 0.0754707 0.0761143 1 0 0.0754707 0 0 0
15 FEB 04 20 -1.43176 87.3748 289.456 17.0743 99.1272 0.0572505 0.0589771 1 0 0.0572505 0 0 0
15 FEB 04 21 -2.32068 86.9882 307.604 17.3297 99.1493 0.0455758 0.0414447 1 0 0.0455758 0 0 0
15 FEB 04 22 -4.61499 91.4802 346.057 22.2507 99.2447 0.355374 0.340943 1 0 0.355374 0 0 0
15 FEB 04 23 -6.95862 84.7107 343.584 23.7666 99.3389 0.155096 0.174466 1 0 0.155096 0 0 0
15 FEB 05 00 -7.6207 83.5904 339.941 21.9457 99.4365 0.00333819 0.00466723 0 0 0.00333819 0 0 0
15 FEB 05 01 -8.16446 83.816 337.377 20.0816 99.4937 0 0 0 0 0 0 0 0
15 FEB 05 02 -8.62372 83.6688 333.587 19.1288 99.588 0 0 0 0 0 0 0 0
15 FEB 05 03 -10.3446 82.3168 323.162 16.0286 99.6698 0 0 0 0 0 0 0 0
15 FEB 05 04 -9.62396 83.7261 332.89 18.5243 99.7474 0.00236054 0.00222159 1 0 0.00236054 0 0 0
15 FEB 05 05 -11.6873 80.1632 336.848 17.4025 99.8111 0.00170843 0.00203055 0 0 0.00170843 0 0 0
