YR MM DD HH T2M(C) RH% WDIR WS(km/h) PRESS(KPa) TPREC(mm) SNOWAC PTYPE RAIN SNOW FRAIN CPREC ICEPL
15 JAN 28 05 -12.8753 78.1301 345.289 18.5911 102.267 0 0 0 0 0 0 0 0
15 JAN 28 06 -13.4355 77.9953 343.315 17.3099 102.302 0 0 0 0 0 0 0 0
15 JAN 28 07 -13.824 78.1479 337.443 17.1168 102.342 0 0 0 0 0 0 0 0
15 JAN 28 08 -14.1169 78.6379 332.516 17.4335 102.378 0 0 0 0 0 0 0 0
15 JAN 28 09 -14.3096 78.5131 330.915 17.5494 102.425 0 0 0 0 0 0 0 0
15 JAN 28 10 -14.4622 77.8739 330.077 17.0435 102.49 0 0 0 0 0 0 0 0
15 JAN 28 11 -14.6339 77.0636 328.381 15.8451 102.53 0 0 0 0 0 0 0 0
15 JAN 28 12 -14.8086 76.5854 326.515 14.1461 102.593 0 0 0 0 0 0 0 0
15 JAN 28 13 -14.8321 76.7946 326.926 12.7713 102.675 0 0 0 0 0 0 0 0
15 JAN 28 14 -13.2307 76.4594 329.71 13.4375 102.757 0 0 0 0 0 0 0 0
15 JAN 28 15 -11.2905 75.2632 333.316 14.2641 102.824 0 0 0 0 0 0 0 0
15 JAN 28 16 -9.46344 72.4 338.481 12.5193 102.81 0 0 0 0 0 0 0 0
15 JAN 28 17 -8.11423 70.5362 343.586 10.5279 102.787 0 0 0 0 0 0 0 0
15 JAN 28 18 -7.06546 72.9315 337.667 7.41711 102.79 0 0 0 0 0 0 0 0
15 JAN 28 19 -6.23831 71.1 305.605 5.02064 102.769 0 0 0 0 0 0 0 0
15 JAN 28 20 -5.88458 72.4124 245.661 3.83926 102.723 0 0 0 0 0 0 0 0
15 JAN 28 21 -5.92285 81.1168 186.817 4.4433 102.709 0 0 0 0 0 0 0 0
15 JAN 28 22 -6.92276 82.253 169.833 6.74121 102.698 0 0 0 0 0 0 0 0
15 JAN 28 23 -7.75122 85.789 180.471 8.66085 102.682 0 0 0 0 0 0 0 0
15 JAN 29 00 -8.18512 85.0488 190.194 8.56464 102.689 0 0 0 0 0 0 0 0
15 JAN 29 01 -8.62213 84.5201 196.872 8.24395 102.685 0 0 0 0 0 0 0 0
15 JAN 29 02 -8.97708 85.7457 202.927 8.17747 102.679 0 0 0 0 0 0 0 0
15 JAN 29 03 -9.23315 86.9618 204.646 8.18296 102.669 0 0 0 0 0 0 0 0
15 JAN 29 04 -9.1994 87.07 199.346 7.54791 102.607 0 0 0 0 0 0 0 0
15 JAN 29 05 -9.05911 88.0182 187.136 7.00287 102.544 0 0 0 0 0 0 0 0
