YR MM DD HH T2M(C) RH% WDIR WS(km/h) PRESS(KPa) TPREC(mm) SNOWAC PTYPE RAIN SNOW FRAIN CPREC ICEPL
15 FEB 17 05 -17.9266 54.0057 321.314 3.07323 99.6107 0 0 0 0 0 0 0 0
15 FEB 17 06 -18.2513 55.1669 338.395 2.24009 99.5355 0 0 0 0 0 0 0 0
15 FEB 17 07 -18.3521 55.416 5.75443 2.4655 99.4516 0 0 0 0 0 0 0 0
15 FEB 17 08 -18.4003 55.4094 12.7198 3.38761 99.3944 0 0 0 0 0 0 0 0
15 FEB 17 09 -18.6349 56.6273 31.179 4.34356 99.3325 0 0 0 0 0 0 0 0
15 FEB 17 10 -19.1076 58.622 40.9531 5.11572 99.2919 0 0 0 0 0 0 0 0
15 FEB 17 11 -19.3863 60.0252 35.0404 5.39765 99.2654 0 0 0 0 0 0 0 0
15 FEB 17 12 -19.6881 61.8456 24.3273 5.41031 99.2391 0.000805998 0.000637058 1 0 0.000805998 0 0 0
15 FEB 17 13 -18.712 68.204 18.9837 4.71873 99.2462 0.00408215 0.00396577 1 0 0.00408215 0 0 0
15 FEB 17 14 -16.9715 75.1413 53.1463 2.96976 99.2495 0.0063318 0.00614968 1 0 0.0063318 0 0 0
15 FEB 17 15 -15.6452 83.1821 124.227 4.30133 99.2656 0.0115818 0.011251 1 0 0.0115818 0 0 0
15 FEB 17 16 -14.8804 90.539 166.897 5.75953 99.2471 0.0177532 0.0176124 1 0 0.0177532 0 0 0
15 FEB 17 17 -14.1118 90.0272 190.089 8.16144 99.2091 0.0125568 0.0130202 1 0 0.0125568 0 0 0
15 FEB 17 18 -13.4578 86.2988 200.754 10.4819 99.1589 0.00670247 0.00687452 1 0 0.00670247 0 0 0
15 FEB 17 19 -13.0547 81.4275 208.985 12.0209 99.1211 0.00305432 0.00323906 1 0 0.00305432 0 0 0
15 FEB 17 20 -12.7386 73.4519 214.542 13.0674 99.094 0.00021882 0.000281228 0 0 0.00021882 0 0 0
15 FEB 17 21 -12.6449 71.1371 215.738 12.7027 99.0456 0 0 0 0 0 0 0 0
15 FEB 17 22 -13.4216 76.4983 208.539 10.2935 99.0268 0 0 0 0 0 0 0 0
15 FEB 17 23 -14.9257 78.1239 204.139 10.9064 99.0276 0 0 0 0 0 0 0 0
15 FEB 18 00 -15.9344 78.3046 211.52 11.1294 99.0496 0 0 0 0 0 0 0 0
15 FEB 18 01 -16.5126 78.9566 219.331 9.70193 99.0638 0.000252978 0.000841107 1 0 0.000252978 0 0 0
15 FEB 18 02 -17.2923 80.1621 220.472 8.8058 99.0472 0.000591605 0.00143955 1 0 0.000591605 0 0 0
15 FEB 18 03 -18.0523 87.1796 222.785 6.88004 99.041 2.30312e-06 1.48383e-05 0 0 2.30312e-06 0 0 0
15 FEB 18 04 -17.8802 86.2699 191.395 3.63531 98.9829 0.00168448 0.00133602 1 0 0.00168448 0 0 0
15 FEB 18 05 -16.9594 84.3857 130.767 5.64557 98.9121 0.0207997 0.0193603 1 0 0.0207997 0 0 0
