YR MM DD HH T2M(C) RH% WDIR WS(km/h) PRESS(KPa) TPREC(mm) SNOWAC PTYPE RAIN SNOW FRAIN CPREC ICEPL
15 JAN 29 05 -8.65158 64.4917 193.264 7.02236 102.547 0 0 0 0 0 0 0 0
15 JAN 29 06 -8.80212 75.0935 192.42 7.8155 102.519 0 0 0 0 0 0 0 0
15 JAN 29 07 -8.77509 82.6734 193.556 7.63155 102.469 0 0 0 0 0 0 0 0
15 JAN 29 08 -8.5293 86.573 177.136 7.68633 102.388 0 0 0 0 0 0 0 0
15 JAN 29 09 -8.11969 88.9425 163.35 8.16136 102.308 0 0 0 0 0 0 0 0
15 JAN 29 10 -7.38925 89.9298 142.152 10.0691 102.189 0 0 0 0 0 0 0 0
15 JAN 29 11 -6.69217 88.2941 139.941 10.7693 102.091 0 0 0 0 0 0 0 0
15 JAN 29 12 -6.14594 86.731 130.157 13.2402 101.999 0 0 0 0 0 0 0 0
15 JAN 29 13 -5.69952 86.6971 125.419 18.4985 101.842 0 0 0 0 0 0 0 0
15 JAN 29 14 -4.87485 86.0079 130.305 18.9528 101.661 0 0 0 0 0 0 0 0
15 JAN 29 15 -3.99554 83.7385 131.192 19.215 101.491 0 0 0 0 0 0 0 0
15 JAN 29 16 -3.68173 83.5121 127.957 19.094 101.304 9.5889e-07 0 1 0 9.5889e-07 0 0 0
15 JAN 29 17 -2.78296 83.3628 143.088 18.0334 101.153 4.32806e-07 0 1 0 4.32806e-07 0 0 0
15 JAN 29 18 -2.24902 85.2469 152.742 18.4878 101.012 0.0408323 0.0262268 1 0 0.0408323 0 0 0
15 JAN 29 19 -2.33823 97.0388 154.279 16.8981 100.854 1.16421 1.09859 1 0 1.16421 0 0 0
15 JAN 29 20 -1.46341 97.7745 162.878 16.354 100.736 1.58087 1.59007 1 0 1.58087 0 0 0
15 JAN 29 21 -1.03412 98.8486 170.13 14.5701 100.654 1.15959 1.18679 1 0 1.15959 0 0 0
15 JAN 29 22 -0.957611 100.005 185.323 11.5753 100.595 0.646947 0.665247 1 0 0.646947 0 0 0
15 JAN 29 23 -1.19 100.005 208.715 9.5209 100.55 0.531076 0.529292 1 0 0.531076 0 0 0
15 JAN 30 00 -1.05664 100.005 251.727 10.5043 100.567 0.48376 0.47985 1 0 0.48376 0 0 0
15 JAN 30 01 -0.732544 98.1404 294.032 20.4578 100.648 0.731102 0.726439 1 0 0.731102 0 0 0
15 JAN 30 02 -1.96802 94.4179 304.337 22.2465 100.742 0.472241 0.485021 1 0 0.472241 0 0 0
15 JAN 30 03 -2.565 90.9019 303.126 21.5733 100.815 0.263547 0.282903 1 0 0.263547 0 0 0
15 JAN 30 04 -3.91626 85.078 301.78 23.4532 100.883 0.00742471 0.0111665 0 0 0.00742471 0 0 0
15 JAN 30 05 -4.55612 84.6272 305.574 24.1927 100.969 0 0 0 0 0 0 0 0
