YR MM DD HH T2M(C) RH% WDIR WS(km/h) PRESS(KPa) TPREC(mm) SNOWAC PTYPE RAIN SNOW FRAIN CPREC ICEPL
15 FEB 16 05 -22.2576 70.5208 332.216 21.9522 100.838 0 0 0 0 0 0 0 0
15 FEB 16 06 -22.4824 70.7051 331.954 19.3066 100.841 0 0 0 0 0 0 0 0
15 FEB 16 07 -22.8154 70.9804 332.137 17.1257 100.81 0 0 0 0 0 0 0 0
15 FEB 16 08 -23.3666 71.4192 332.98 14.7743 100.76 0 0 0 0 0 0 0 0
15 FEB 16 09 -23.9634 71.9126 331.259 12.6845 100.723 0 0 0 0 0 0 0 0
15 FEB 16 10 -24.452 71.5725 326.935 10.7608 100.725 0 0 0 0 0 0 0 0
15 FEB 16 11 -24.6595 70.7084 322.153 9.07758 100.729 0 0 0 0 0 0 0 0
15 FEB 16 12 -24.7698 69.8075 309.146 7.96084 100.726 0 0 0 0 0 0 0 0
15 FEB 16 13 -24.2189 74.2199 297.634 6.28767 100.726 0 0 0 0 0 0 0 0
15 FEB 16 14 -22.7559 74.3962 294.429 5.18231 100.705 0 0 0 0 0 0 0 0
15 FEB 16 15 -21.276 71.7383 303.923 4.61181 100.665 0 0 0 0 0 0 0 0
15 FEB 16 16 -19.9388 72.0632 255.122 3.60472 100.572 0 0 0 0 0 0 0 0
15 FEB 16 17 -18.7341 72.2172 225.082 4.37894 100.496 0 0 0 0 0 0 0 0
15 FEB 16 18 -17.8175 71.3983 202.851 4.29337 100.403 0 0 0 0 0 0 0 0
15 FEB 16 19 -17.1909 72.7104 184.166 5.18139 100.281 0 0 0 0 0 0 0 0
15 FEB 16 20 -16.8588 73.985 186.744 7.13329 100.211 6.67142e-06 0 0 0 6.67142e-06 0 0 0
15 FEB 16 21 -16.912 74.4197 182.54 7.97949 100.135 3.97078e-06 0 0 0 3.97078e-06 0 0 0
15 FEB 16 22 -17.8764 78.1377 159.412 6.04304 100.032 0 0 0 0 0 0 0 0
15 FEB 16 23 -19.3644 77.5098 146.575 6.60534 99.9297 0 0 0 0 0 0 0 0
15 FEB 17 00 -19.8629 78.2395 153.005 6.10731 99.8882 0 0 0 0 0 0 0 0
15 FEB 17 01 -19.9523 72.6872 158.441 4.60178 99.831 0 0 0 0 0 0 0 0
15 FEB 17 02 -20.0455 69.4801 149.638 1.56707 99.7675 0 0 0 0 0 0 0 0
15 FEB 17 03 -20.0655 67.201 18.2343 1.83826 99.6982 0 0 0 0 0 0 0 0
15 FEB 17 04 -20.2913 67.3613 17.9671 4.32587 99.6082 0 0 0 0 0 0 0 0
15 FEB 17 05 -20.9086 68.8384 22.3354 6.61624 99.5419 0 0 0 0 0 0 0 0
